Strain	A	C	G	T	Total
Gm_1	0.22563	0.27491	0.27430	0.22516	4638827
Gm_2	0.24060	0.25959	0.25903	0.24079	4611392
Gm_3	0.24773	0.25245	0.25200	0.24782	4831989
Gm_4	0.24328	0.25679	0.25647	0.24346	4355142
Gm_5	0.24360	0.25662	0.25588	0.24390	4009583
Gm_6	0.24761	0.25267	0.25218	0.24753	4723165
Gm_7	0.24407	0.25612	0.25525	0.24456	4057260
Gm_8	0.24516	0.25510	0.25449	0.24525	4353783
Gm_9	0.24549	0.25463	0.25416	0.24571	4503533
Gm_10	0.24824	0.25187	0.25120	0.24869	4811867
Gm_11	0.23319	0.26724	0.26652	0.23305	4714350
Gm_12	0.24616	0.25395	0.25353	0.24636	4304229
Gm_13	0.24863	0.25133	0.25093	0.24911	4713517
Gm_14	0.23043	0.27020	0.26914	0.23023	4671771
Gm_15	0.24744	0.25291	0.25224	0.24741	4831305
Gm_16	0.24800	0.25204	0.25157	0.24840	4799502
Gm_17	0.22344	0.27737	0.27615	0.22304	4222281
Gm_18	0.24817	0.25191	0.25148	0.24844	4718854
Gm_19	0.22901	0.27149	0.27067	0.22882	4297690
Gm_20	0.24776	0.25235	0.25185	0.24804	4827003
Gm_21	0.24677	0.25369	0.25288	0.24665	4730863
Gm_22	0.24826	0.25181	0.25133	0.24860	4811042
Gm_23	0.24587	0.25423	0.25386	0.24604	4754222
Gm_24	0.24784	0.25241	0.25201	0.24774	4810881
Gm_25	0.22177	0.27862	0.27803	0.22158	4638141
Gm_26	0.24667	0.25366	0.25300	0.24667	4441977
Gm_27	0.24625	0.25407	0.25328	0.24641	4389996
Gm_28	0.24676	0.25329	0.25279	0.24716	4747106
Gm_29	0.24505	0.25516	0.25452	0.24526	4116133
Gm_30	0.24618	0.25377	0.25328	0.24676	4254141
Gm_31	0.24679	0.25341	0.25294	0.24686	4617830
Gm_32	0.24531	0.25461	0.25428	0.24580	4136005
Gm_33	0.21203	0.28870	0.28756	0.21170	3045862
Gm_34	0.24721	0.25305	0.25244	0.24730	4741384
Gm_35	0.22514	0.27533	0.27460	0.22493	4682680
Gm_36	0.24420	0.25611	0.25529	0.24441	3951729
Gm_37	0.24785	0.25248	0.25185	0.24782	4821881
Gm_38	0.24736	0.25298	0.25238	0.24728	4809406
Gm_39	0.24640	0.25364	0.25319	0.24677	4486414
Gm_40	0.24704	0.25325	0.25265	0.24706	4814139
Gm_41	0.24713	0.25306	0.25232	0.24749	4837318
Gm_42	0.24665	0.25351	0.25299	0.24685	4062285
Gm_43	0.24244	0.25777	0.25686	0.24293	3585100
Gm_44	0.24526	0.25477	0.25422	0.24575	4508257
Gm_45	0.24700	0.25303	0.25265	0.24732	4486057
Gm_46	0.22678	0.27385	0.27277	0.22659	3872081
Gm_47	0.24398	0.25640	0.25588	0.24374	3818029
Gm_48	0.24638	0.25374	0.25330	0.24658	4588364
Gm_49	0.24797	0.25211	0.25152	0.24840	4829787
Gm_50	0.24385	0.25625	0.25566	0.24425	3917561
Gm_51	0.22974	0.27085	0.26996	0.22945	4710807
Gm_52	0.24542	0.25490	0.25413	0.24555	4367677
Gm_53	0.22139	0.27904	0.27802	0.22155	3825509
Gm_54	0.24062	0.25918	0.25927	0.24093	4493164
Gm_55	0.24843	0.25160	0.25114	0.24884	4831123
Gm_56	0.24762	0.25284	0.25213	0.24741	4671181
Gm_57	0.22526	0.27557	0.27460	0.22457	4477079
Gm_58	0.24229	0.25799	0.25721	0.24251	3591285
Gm_59	0.24707	0.25311	0.25262	0.24720	4780654
Gm_60	0.22682	0.27371	0.27305	0.22642	4606899
Gm_61	0.24806	0.25201	0.25157	0.24837	4780414
Gm_62	0.24377	0.25656	0.25562	0.24405	4019169
Gm_63	0.24117	0.25887	0.25861	0.24134	3948922
Gm_64	0.24728	0.25305	0.25240	0.24727	4789621
Gm_65	0.22516	0.27513	0.27450	0.22521	4600879
Gm_66	0.24711	0.25317	0.25253	0.24719	4739758
Gm_67	0.24825	0.25188	0.25137	0.24850	4769181
Gm_68	0.24827	0.25203	0.25132	0.24838	4680212
Gm_69	0.24780	0.25221	0.25176	0.24824	4729948
Gm_70	0.21634	0.28428	0.28351	0.21587	3586185
Gm_71	0.24622	0.25394	0.25353	0.24631	4235456
Gm_72	0.24633	0.25386	0.25322	0.24658	4786476
Gm_73	0.24726	0.25300	0.25233	0.24741	4775474
Gm_74	0.24662	0.25344	0.25301	0.24693	4340549
Gm_75	0.21075	0.29002	0.28908	0.21016	3360457
Gm_76	0.24829	0.25160	0.25134	0.24877	4796255
Gm_77	0.24677	0.25319	0.25278	0.24725	4725880
Gm_78	0.24572	0.25429	0.25381	0.24618	4682665
Gm_79	0.22102	0.27946	0.27873	0.22079	4072253
Gm_80	0.24866	0.25133	0.25102	0.24899	4846786
Gm_81	0.24684	0.25304	0.25272	0.24741	4567697
Gm_82	0.24789	0.25245	0.25190	0.24776	4761745
Gm_83	0.24585	0.25417	0.25372	0.24625	4621088
Gm_84	0.24741	0.25289	0.25230	0.24740	4745001
Gm_85	0.22214	0.27824	0.27732	0.22230	4047556
Gm_86	0.24848	0.25163	0.25114	0.24875	4771778
Gm_87	0.22489	0.27536	0.27468	0.22506	3047510
Gm_88	0.24328	0.25683	0.25615	0.24374	4228141
Gm_89	0.24293	0.25748	0.25660	0.24300	3960903
Gm_90	0.22686	0.27363	0.27301	0.22650	4724908
Gm_91	0.24809	0.25205	0.25151	0.24835	4771243
Gm_92	0.24371	0.25633	0.25571	0.24425	3725401
Gm_93	0.24791	0.25232	0.25182	0.24794	4644960
Gm_94	0.24720	0.25280	0.25237	0.24762	4562412
Gm_95	0.24645	0.25373	0.25306	0.24676	4589111
Gm_96	0.22692	0.27345	0.27280	0.22682	4727033
Gm_97	0.24736	0.25280	0.25210	0.24774	4582368
Gm_98	0.24702	0.25302	0.25268	0.24728	4818822
Gm_99	0.24734	0.25276	0.25217	0.24772	4779840
Gm_100	0.24834	0.25173	0.25131	0.24861	4820528
Gm_101	0.24398	0.25613	0.25550	0.24439	3922144
Gm_102	0.22811	0.27259	0.27165	0.22764	4700193
Gm_103	0.24811	0.25223	0.25168	0.24799	4541325
Gm_104	0.22514	0.27506	0.27463	0.22517	4701102
Gm_105	0.24672	0.25343	0.25296	0.24689	4339068
Gm_106	0.24801	0.25205	0.25160	0.24834	4656779
Gm_107	0.23166	0.26880	0.26804	0.23150	4735289
Gm_108	0.24569	0.25440	0.25413	0.24578	4257881
Gm_109	0.24658	0.25342	0.25295	0.24706	4705706
Gm_110	0.24702	0.25350	0.25285	0.24663	4674798
Gm_111	0.22020	0.28022	0.27942	0.22017	3395941
Gm_112	0.24295	0.25737	0.25669	0.24299	4288805
Gm_113	0.24599	0.25414	0.25354	0.24632	4268089
Gm_114	0.22691	0.27382	0.27275	0.22652	4527248
Gm_115	0.24271	0.25775	0.25673	0.24280	4072483
Gm_116	0.24784	0.25261	0.25161	0.24795	4789601
Gm_117	0.24823	0.25191	0.25148	0.24838	4798341
Gm_118	0.24850	0.25162	0.25109	0.24878	4760646
Gm_119	0.24795	0.25216	0.25170	0.24820	4831413
Gm_120	0.24738	0.25311	0.25239	0.24713	4806185
Gm_121	0.24793	0.25221	0.25176	0.24810	4802958
Gm_122	0.24808	0.25199	0.25165	0.24828	4809529
Gm_123	0.24660	0.25347	0.25295	0.24698	4607872
Gm_124	0.22655	0.27387	0.27323	0.22635	4686926
Gm_125	0.24679	0.25333	0.25282	0.24706	4734484
Gm_126	0.24783	0.25226	0.25179	0.24813	4780450
Gm_127	0.24863	0.25142	0.25099	0.24896	4832895
Gm_128	0.24673	0.25330	0.25297	0.24700	4776932
Gm_129	0.22798	0.27281	0.27175	0.22747	4707896
Gm_130	0.24698	0.25331	0.25273	0.24699	4787990
Gm_131	0.22230	0.27810	0.27734	0.22226	4143183
Gm_132	0.24735	0.25293	0.25219	0.24753	4766360
Gm_133	0.24894	0.25111	0.25069	0.24926	4649466
Gm_134	0.23151	0.26896	0.26817	0.23136	4716402
Gm_135	0.24817	0.25169	0.25131	0.24884	4775948
Gm_136	0.24787	0.25229	0.25181	0.24803	4787759
Gm_137	0.24770	0.25276	0.25201	0.24754	4821922
Gm_138	0.22814	0.27262	0.27152	0.22772	4695406
Gm_139	0.24514	0.25476	0.25440	0.24570	3992953
Gm_140	0.24709	0.25287	0.25246	0.24758	4768709
Gm_141	0.22055	0.28026	0.27874	0.22045	3312821
Gm_142	0.23969	0.26056	0.25995	0.23979	3633045
Gm_143	0.24840	0.25172	0.25132	0.24857	4791213
Gm_144	0.24713	0.25325	0.25264	0.24697	4825034
Gm_145	0.21998	0.28019	0.27960	0.22022	4697350
Gm_146	0.24296	0.25711	0.25661	0.24332	4382915
Gm_147	0.24667	0.25383	0.25312	0.24638	4846479
Gm_148	0.24861	0.25150	0.25100	0.24889	4826806
Gm_149	0.24568	0.25455	0.25373	0.24604	4089897
Gm_150	0.24349	0.25641	0.25574	0.24436	4116031
Gm_151	0.24502	0.25525	0.25423	0.24551	3837033
Gm_152	0.22495	0.27548	0.27483	0.22474	4662581
Gm_153	0.24617	0.25388	0.25359	0.24636	4793357
Gm_154	0.24805	0.25206	0.25165	0.24824	4809985
Gm_155	0.24857	0.25145	0.25100	0.24898	4799199
Gm_156	0.24577	0.25418	0.25389	0.24617	4333102
Gm_157	0.24218	0.25802	0.25737	0.24243	4458560
Gm_158	0.24643	0.25391	0.25311	0.24655	4811435
Gm_159	0.24811	0.25209	0.25156	0.24825	4742890
Gm_160	0.24592	0.25431	0.25349	0.24628	4651136
Gm_161	0.22679	0.27358	0.27285	0.22678	4702892
Gm_162	0.24466	0.25559	0.25481	0.24494	4310341
Gm_163	0.24764	0.25255	0.25186	0.24795	4680209
Gm_164	0.21170	0.28894	0.28824	0.21112	3029857
Gm_165	0.24549	0.25472	0.25401	0.24578	4739261
Gm_166	0.22098	0.27950	0.27899	0.22053	3960860
Gm_167	0.24746	0.25259	0.25206	0.24789	4570107
Gm_168	0.24502	0.25517	0.25443	0.24538	4297575
Gm_169	0.24764	0.25271	0.25217	0.24748	4768794
Gm_170	0.24831	0.25172	0.25143	0.24854	4782347
Gm_171	0.22495	0.27566	0.27482	0.22457	3644603
Gm_172	0.24176	0.25859	0.25752	0.24212	3556069
Gm_173	0.23706	0.26306	0.26249	0.23739	3259863
Gm_174	0.21949	0.28092	0.28032	0.21927	4618081
Gm_175	0.23996	0.25997	0.25943	0.24063	3949820
Gm_176	0.24524	0.25517	0.25409	0.24551	4518344
Gm_177	0.24720	0.25328	0.25241	0.24711	4726661
Gm_178	0.24734	0.25280	0.25214	0.24773	4833759
Gm_179	0.24213	0.25800	0.25729	0.24257	4082676
Gm_180	0.24703	0.25302	0.25264	0.24730	4810429
Gm_181	0.24793	0.25203	0.25164	0.24840	4531267
Gm_182	0.24761	0.25266	0.25212	0.24761	4628033
Gm_183	0.24652	0.25351	0.25290	0.24706	4804460
Gm_184	0.24840	0.25189	0.25128	0.24843	4793339
Gm_185	0.24806	0.25201	0.25172	0.24822	4830969
Gm_186	0.24775	0.25239	0.25173	0.24812	4824192
Gm_187	0.24629	0.25399	0.25307	0.24665	4269040
Gm_188	0.24821	0.25197	0.25137	0.24846	4826297
Gm_189	0.24430	0.25599	0.25542	0.24429	3966898
Gm_190	0.24872	0.25136	0.25092	0.24901	4842812
Gm_191	0.24646	0.25352	0.25310	0.24692	4790237
Gm_192	0.24847	0.25169	0.25108	0.24876	4825580
Gm_193	0.21509	0.28555	0.28444	0.21493	3556468
Gm_194	0.24780	0.25247	0.25189	0.24784	4790680
Gm_195	0.22271	0.27810	0.27712	0.22207	4249085
Gm_196	0.24512	0.25498	0.25433	0.24557	3879453
Gm_197	0.24675	0.25331	0.25278	0.24716	4636009
Gm_198	0.22542	0.27485	0.27450	0.22523	4625618
Gm_199	0.24727	0.25282	0.25232	0.24760	4729441
Gm_200	0.24764	0.25244	0.25190	0.24802	4820783
Gm_201	0.22805	0.27267	0.27169	0.22758	4709865
Gm_202	0.24791	0.25210	0.25167	0.24832	4653613
Gm_203	0.24255	0.25768	0.25671	0.24307	3883594
Gm_204	0.24790	0.25210	0.25174	0.24826	4793282
Gm_205	0.22724	0.27338	0.27250	0.22687	4687080
Gm_206	0.24558	0.25449	0.25372	0.24620	4123934
Gm_207	0.24388	0.25594	0.25569	0.24449	3953554
Gm_208	0.24700	0.25302	0.25248	0.24750	4790823
Gm_209	0.24871	0.25136	0.25093	0.24900	4809735
Gm_210	0.24741	0.25304	0.25223	0.24733	4616208
Gm_211	0.24835	0.25195	0.25146	0.24824	4766384
Gm_212	0.24712	0.25302	0.25242	0.24744	4773138
Gm_213	0.24669	0.25312	0.25288	0.24731	4699831
Gm_214	0.24753	0.25243	0.25197	0.24807	4766566
Gm_215	0.24786	0.25226	0.25179	0.24808	4778380
Gm_216	0.22370	0.27698	0.27618	0.22315	4599973
Gm_217	0.24775	0.25240	0.25182	0.24804	4682378
Gm_218	0.24682	0.25310	0.25257	0.24751	4802439
Gm_219	0.24565	0.25457	0.25383	0.24594	4416320
Gm_220	0.24701	0.25315	0.25252	0.24731	4810737
Gm_221	0.24865	0.25144	0.25102	0.24889	4845271
Gm_222	0.24523	0.25518	0.25429	0.24530	4102776
Gm_223	0.24746	0.25289	0.25223	0.24743	4793148
Gm_224	0.24811	0.25226	0.25166	0.24797	4799253
Gm_225	0.24698	0.25316	0.25271	0.24716	4762914
Gm_226	0.21447	0.28661	0.28510	0.21382	3527631
Gm_227	0.24454	0.25582	0.25506	0.24459	4235441
Gm_228	0.24807	0.25188	0.25156	0.24849	4807433
Gm_229	0.22604	0.27442	0.27354	0.22600	4731442
Gm_230	0.24494	0.25539	0.25463	0.24504	4097839
Gm_231	0.24375	0.25644	0.25566	0.24415	4004909
Gm_232	0.24726	0.25305	0.25230	0.24740	4816035
Gm_233	0.22590	0.27469	0.27359	0.22582	4370720
Gm_234	0.24776	0.25245	0.25181	0.24798	4776568
Gm_235	0.24734	0.25311	0.25243	0.24711	4839771
Gm_236	0.23031	0.27030	0.26943	0.22996	4728598
Gm_237	0.24294	0.25717	0.25665	0.24324	3872387
Gm_238	0.24794	0.25241	0.25180	0.24785	4699559
Gm_239	0.24799	0.25226	0.25180	0.24795	4828049
Gm_240	0.24718	0.25277	0.25239	0.24766	4416880
Gm_241	0.24439	0.25549	0.25502	0.24510	3932806
Gm_242	0.21935	0.28118	0.28028	0.21919	4673797
Gm_243	0.24684	0.25325	0.25268	0.24722	4816741
Gm_244	0.21985	0.28064	0.27985	0.21965	4137395
Gm_245	0.24855	0.25147	0.25101	0.24897	4751633
Gm_246	0.24629	0.25368	0.25310	0.24693	4802227
Gm_247	0.24833	0.25180	0.25116	0.24871	4752537
Gm_248	0.22512	0.27514	0.27455	0.22518	4691767
Gm_249	0.24665	0.25344	0.25316	0.24676	4330760
Gm_250	0.24387	0.25644	0.25541	0.24429	3727996
Gm_251	0.24592	0.25435	0.25379	0.24594	4429503
Gm_252	0.22766	0.27301	0.27202	0.22731	4704337
Gm_253	0.24205	0.25796	0.25734	0.24265	3889229
Gm_254	0.24792	0.25223	0.25154	0.24830	4750423
Gm_255	0.24799	0.25207	0.25172	0.24822	4789709
Gm_256	0.24569	0.25432	0.25384	0.24614	4769157
Gm_257	0.23105	0.26914	0.26868	0.23113	4619464
Gm_258	0.24718	0.25308	0.25244	0.24731	4662682
Gm_259	0.22615	0.27430	0.27342	0.22613	4692421
Gm_260	0.24330	0.25688	0.25608	0.24374	3911460
Gm_261	0.24221	0.25776	0.25731	0.24271	3590454
Gm_262	0.24707	0.25345	0.25264	0.24684	4820242
Gm_263	0.22671	0.27367	0.27302	0.22660	4645324
Gm_264	0.24813	0.25215	0.25167	0.24805	4818204
Gm_265	0.24699	0.25299	0.25247	0.24755	4770896
Gm_266	0.22923	0.27126	0.27054	0.22897	4528006
Gm_267	0.24593	0.25451	0.25364	0.24592	4475481
Gm_268	0.24349	0.25647	0.25592	0.24411	3784148
Gm_269	0.24665	0.25381	0.25310	0.24644	4830817
Gm_270	0.24688	0.25331	0.25276	0.24704	4381321
Gm_271	0.24728	0.25315	0.25243	0.24714	4820099
Gm_272	0.22609	0.27448	0.27365	0.22579	4685463
Gm_273	0.24702	0.25305	0.25275	0.24718	4610631
Gm_274	0.24837	0.25159	0.25128	0.24875	4792431
Gm_275	0.24782	0.25235	0.25197	0.24786	4751613
Gm_276	0.24784	0.25224	0.25187	0.24804	4804829
Gm_277	0.24822	0.25203	0.25143	0.24833	4783794
Gm_278	0.24856	0.25155	0.25106	0.24884	4821210
Gm_279	0.22743	0.27287	0.27212	0.22758	4650740
Gm_280	0.24638	0.25381	0.25332	0.24649	4327943
Gm_281	0.24750	0.25266	0.25216	0.24768	4760434
Gm_282	0.24871	0.25140	0.25090	0.24899	4786650
Gm_283	0.22708	0.27343	0.27278	0.22671	4700137
Gm_284	0.24748	0.25256	0.25206	0.24790	4828746
Gm_285	0.22944	0.27069	0.27040	0.22946	4653600
Gm_286	0.24484	0.25524	0.25474	0.24518	4328726
Gm_287	0.24739	0.25255	0.25228	0.24778	4813743
Gm_288	0.22530	0.27512	0.27440	0.22518	4649299
Gm_289	0.24466	0.25579	0.25470	0.24486	4235487
Gm_290	0.24558	0.25450	0.25411	0.24581	4099567
Gm_291	0.24505	0.25494	0.25453	0.24549	3897734
Gm_292	0.24661	0.25386	0.25312	0.24642	4316505
Gm_293	0.24814	0.25208	0.25138	0.24840	4775122
Gm_294	0.24707	0.25304	0.25243	0.24745	4805442
Gm_295	0.24679	0.25335	0.25274	0.24712	4409964
Gm_296	0.24748	0.25291	0.25224	0.24737	4687996
Gm_297	0.24827	0.25207	0.25159	0.24807	4796857
Gm_298	0.22075	0.27980	0.27903	0.22042	4648332
Gm_299	0.24612	0.25418	0.25356	0.24615	4789053
Gm_300	0.24770	0.25229	0.25174	0.24826	4823779
Gm_301	0.24695	0.25327	0.25269	0.24708	4252629
Gm_302	0.24246	0.25763	0.25711	0.24281	3893540
