Strain	A	C	G	T	Total
Gm_1	0.22428	0.27595	0.27615	0.22362	4938086
Gm_2	0.24018	0.25985	0.26009	0.23989	4919871
Gm_3	0.24748	0.25268	0.25295	0.24690	5154288
Gm_4	0.24293	0.25712	0.25755	0.24239	4638925
Gm_5	0.24341	0.25675	0.25683	0.24301	4284151
Gm_6	0.24745	0.25281	0.25303	0.24671	5035836
Gm_7	0.24409	0.25603	0.25605	0.24382	4329430
Gm_8	0.24489	0.25528	0.25553	0.24430	4644957
Gm_9	0.24536	0.25478	0.25499	0.24488	4797995
Gm_10	0.24814	0.25197	0.25201	0.24788	5133048
Gm_11	0.23256	0.26769	0.26785	0.23190	5024390
Gm_12	0.24603	0.25404	0.25430	0.24564	4595602
Gm_13	0.24848	0.25148	0.25178	0.24827	5025564
Gm_14	0.22964	0.27075	0.27057	0.22904	4982911
Gm_15	0.24729	0.25304	0.25306	0.24661	5154842
Gm_16	0.24782	0.25221	0.25242	0.24756	5119701
Gm_17	0.22246	0.27808	0.27778	0.22168	4498487
Gm_18	0.24806	0.25205	0.25231	0.24759	5037590
Gm_19	0.22798	0.27231	0.27225	0.22746	4572154
Gm_20	0.24749	0.25254	0.25279	0.24718	5149936
Gm_21	0.24639	0.25397	0.25398	0.24566	5043629
Gm_22	0.24810	0.25199	0.25216	0.24775	5131265
Gm_23	0.24548	0.25453	0.25493	0.24506	5074024
Gm_24	0.24763	0.25259	0.25288	0.24691	5132719
Gm_25	0.22062	0.27945	0.27974	0.22019	4939924
Gm_26	0.24646	0.25380	0.25394	0.24580	4742123
Gm_27	0.24595	0.25426	0.25426	0.24553	4679929
Gm_28	0.24653	0.25352	0.25368	0.24627	5063046
Gm_29	0.24493	0.25524	0.25534	0.24449	4394829
Gm_30	0.24613	0.25383	0.25413	0.24592	4551267
Gm_31	0.24662	0.25352	0.25382	0.24604	4923231
Gm_32	0.24526	0.25464	0.25518	0.24492	4411595
Gm_33	0.21073	0.28955	0.28955	0.21018	3252552
Gm_34	0.24708	0.25316	0.25322	0.24654	5056888
Gm_35	0.22404	0.27614	0.27632	0.22350	4988896
Gm_36	0.24401	0.25625	0.25619	0.24355	4216283
Gm_37	0.24765	0.25264	0.25272	0.24699	5142832
Gm_38	0.24720	0.25310	0.25318	0.24652	5130603
Gm_39	0.24613	0.25384	0.25413	0.24590	4786042
Gm_40	0.24678	0.25347	0.25359	0.24616	5135507
Gm_41	0.24698	0.25317	0.25316	0.24669	5161315
Gm_42	0.24656	0.25355	0.25386	0.24603	4334156
Gm_43	0.24236	0.25773	0.25781	0.24210	3832265
Gm_44	0.24517	0.25489	0.25504	0.24491	4805761
Gm_45	0.24691	0.25313	0.25350	0.24646	4786111
Gm_46	0.22608	0.27435	0.27417	0.22540	4145794
Gm_47	0.24377	0.25655	0.25665	0.24303	4067151
Gm_48	0.24615	0.25392	0.25425	0.24568	4896922
Gm_49	0.24779	0.25228	0.25240	0.24753	5152919
Gm_50	0.24380	0.25628	0.25654	0.24338	4187924
Gm_51	0.22880	0.27147	0.27153	0.22819	5021614
Gm_52	0.24517	0.25508	0.25511	0.24464	4659349
Gm_53	0.22000	0.28002	0.27999	0.21998	4082126
Gm_54	0.24004	0.25963	0.26052	0.23981	4791203
Gm_55	0.24830	0.25172	0.25197	0.24802	5153688
Gm_56	0.24749	0.25299	0.25300	0.24652	4983176
Gm_57	0.22431	0.27623	0.27616	0.22330	4773834
Gm_58	0.24241	0.25781	0.25799	0.24179	3841364
Gm_59	0.24691	0.25319	0.25345	0.24645	5097755
Gm_60	0.22559	0.27463	0.27490	0.22488	4909895
Gm_61	0.24780	0.25217	0.25252	0.24751	5100500
Gm_62	0.24357	0.25669	0.25658	0.24316	4293954
Gm_63	0.24099	0.25895	0.25954	0.24052	4220547
Gm_64	0.24715	0.25317	0.25319	0.24650	5110876
Gm_65	0.22404	0.27596	0.27622	0.22378	4900569
Gm_66	0.24678	0.25343	0.25352	0.24627	5053706
Gm_67	0.24806	0.25208	0.25220	0.24767	5085814
Gm_68	0.24810	0.25221	0.25216	0.24753	4988242
Gm_69	0.24762	0.25236	0.25263	0.24739	5042022
Gm_70	0.21517	0.28512	0.28531	0.21440	3832454
Gm_71	0.24602	0.25406	0.25438	0.24554	4524034
Gm_72	0.24616	0.25395	0.25407	0.24582	5105017
Gm_73	0.24710	0.25314	0.25317	0.24659	5091936
Gm_74	0.24653	0.25351	0.25381	0.24614	4631364
Gm_75	0.20924	0.29102	0.29121	0.20853	3575356
Gm_76	0.24810	0.25171	0.25220	0.24799	5117490
Gm_77	0.24655	0.25342	0.25369	0.24635	5040190
Gm_78	0.24554	0.25444	0.25465	0.24536	4989096
Gm_79	0.21982	0.28030	0.28059	0.21929	4347364
Gm_80	0.24855	0.25148	0.25185	0.24812	5170577
Gm_81	0.24647	0.25333	0.25374	0.24646	4876550
Gm_82	0.24759	0.25268	0.25289	0.24684	5079931
Gm_83	0.24539	0.25452	0.25485	0.24523	4922951
Gm_84	0.24715	0.25309	0.25328	0.24647	5062231
Gm_85	0.22136	0.27871	0.27886	0.22106	4328679
Gm_86	0.24833	0.25177	0.25197	0.24794	5087422
Gm_87	0.22443	0.27558	0.27593	0.22407	3262761
Gm_88	0.24313	0.25695	0.25711	0.24281	4515522
Gm_89	0.24269	0.25762	0.25750	0.24218	4236551
Gm_90	0.22562	0.27455	0.27489	0.22494	5036074
Gm_91	0.24790	0.25225	0.25238	0.24747	5087751
Gm_92	0.24371	0.25630	0.25661	0.24338	3981014
Gm_93	0.24783	0.25240	0.25253	0.24724	4950334
Gm_94	0.24706	0.25296	0.25323	0.24674	4869353
Gm_95	0.24620	0.25394	0.25400	0.24586	4892730
Gm_96	0.22605	0.27410	0.27432	0.22553	5037359
Gm_97	0.24717	0.25301	0.25298	0.24684	4885064
Gm_98	0.24674	0.25323	0.25364	0.24639	5140593
Gm_99	0.24718	0.25291	0.25303	0.24688	5098060
Gm_100	0.24825	0.25186	0.25212	0.24777	5141019
Gm_101	0.24394	0.25619	0.25635	0.24352	4192403
Gm_102	0.22736	0.27311	0.27303	0.22650	5009000
Gm_103	0.24799	0.25233	0.25241	0.24727	4838975
Gm_104	0.22379	0.27607	0.27659	0.22355	5010980
Gm_105	0.24660	0.25352	0.25375	0.24613	4643498
Gm_106	0.24790	0.25217	0.25244	0.24750	4970731
Gm_107	0.23073	0.26947	0.26957	0.23023	5047352
Gm_108	0.24541	0.25459	0.25506	0.24494	4540405
Gm_109	0.24636	0.25359	0.25385	0.24621	5020556
Gm_110	0.24671	0.25380	0.25381	0.24568	4981913
Gm_111	0.21918	0.28093	0.28111	0.21878	3626143
Gm_112	0.24274	0.25753	0.25770	0.24203	4574984
Gm_113	0.24574	0.25429	0.25453	0.24544	4551588
Gm_114	0.22602	0.27442	0.27431	0.22525	4832710
Gm_115	0.24259	0.25781	0.25771	0.24188	4352249
Gm_116	0.24757	0.25280	0.25258	0.24705	5108623
Gm_117	0.24808	0.25208	0.25235	0.24749	5117100
Gm_118	0.24838	0.25175	0.25194	0.24794	5080810
Gm_119	0.24782	0.25225	0.25249	0.24743	5154480
Gm_120	0.24718	0.25327	0.25324	0.24631	5128556
Gm_121	0.24777	0.25244	0.25260	0.24720	5122502
Gm_122	0.24797	0.25210	0.25240	0.24753	5130284
Gm_123	0.24643	0.25360	0.25386	0.24611	4914820
Gm_124	0.22546	0.27469	0.27493	0.22492	4992876
Gm_125	0.24658	0.25345	0.25369	0.24628	5048486
Gm_126	0.24768	0.25243	0.25258	0.24731	5099142
Gm_127	0.24850	0.25156	0.25184	0.24810	5156211
Gm_128	0.24646	0.25354	0.25391	0.24609	5093684
Gm_129	0.22704	0.27349	0.27333	0.22614	5017577
Gm_130	0.24668	0.25356	0.25364	0.24611	5105232
Gm_131	0.22090	0.27908	0.27941	0.22062	4411370
Gm_132	0.24715	0.25306	0.25299	0.24679	5079985
Gm_133	0.24883	0.25124	0.25151	0.24842	4957733
Gm_134	0.23057	0.26966	0.26971	0.23006	5026878
Gm_135	0.24805	0.25182	0.25212	0.24802	5093803
Gm_136	0.24760	0.25249	0.25272	0.24719	5107724
Gm_137	0.24743	0.25301	0.25293	0.24663	5142859
Gm_138	0.22719	0.27329	0.27310	0.22641	5003756
Gm_139	0.24506	0.25483	0.25515	0.24496	4266084
Gm_140	0.24687	0.25307	0.25334	0.24672	5076758
Gm_141	0.21963	0.28094	0.28029	0.21914	3540403
Gm_142	0.23963	0.26049	0.26082	0.23907	3886875
Gm_143	0.24825	0.25186	0.25214	0.24776	5109937
Gm_144	0.24690	0.25342	0.25353	0.24615	5147622
Gm_145	0.21883	0.28105	0.28137	0.21875	5005921
Gm_146	0.24272	0.25728	0.25758	0.24242	4677718
Gm_147	0.24645	0.25400	0.25399	0.24557	5170632
Gm_148	0.24846	0.25166	0.25186	0.24802	5148624
Gm_149	0.24562	0.25462	0.25451	0.24525	4373194
Gm_150	0.24345	0.25643	0.25662	0.24350	4395847
Gm_151	0.24501	0.25527	0.25508	0.24464	4094404
Gm_152	0.22371	0.27641	0.27668	0.22319	4965217
Gm_153	0.24601	0.25406	0.25440	0.24553	5112714
Gm_154	0.24793	0.25216	0.25244	0.24747	5130986
Gm_155	0.24844	0.25158	0.25182	0.24815	5118395
Gm_156	0.24562	0.25428	0.25474	0.24536	4624286
Gm_157	0.24164	0.25849	0.25861	0.24126	4758788
Gm_158	0.24615	0.25409	0.25406	0.24570	5131973
Gm_159	0.24794	0.25221	0.25238	0.24746	5057593
Gm_160	0.24572	0.25443	0.25443	0.24542	4960606
Gm_161	0.22573	0.27429	0.27456	0.22542	5011839
Gm_162	0.24440	0.25580	0.25578	0.24403	4594476
Gm_163	0.24732	0.25284	0.25286	0.24698	4990805
Gm_164	0.21009	0.29010	0.29038	0.20943	3231244
Gm_165	0.24515	0.25493	0.25506	0.24486	5055985
Gm_166	0.22000	0.28018	0.28059	0.21923	4223435
Gm_167	0.24723	0.25273	0.25291	0.24713	4869508
Gm_168	0.24492	0.25524	0.25530	0.24455	4587410
Gm_169	0.24751	0.25281	0.25299	0.24670	5087006
Gm_170	0.24818	0.25181	0.25224	0.24776	5102994
Gm_171	0.22411	0.27621	0.27632	0.22336	3888075
Gm_172	0.24184	0.25842	0.25845	0.24129	3806916
Gm_173	0.23714	0.26295	0.26335	0.23655	3488604
Gm_174	0.21827	0.28184	0.28217	0.21773	4921352
Gm_175	0.24000	0.25983	0.26024	0.23993	4223887
Gm_176	0.24511	0.25518	0.25497	0.24473	4817838
Gm_177	0.24712	0.25332	0.25319	0.24637	5045926
Gm_178	0.24716	0.25294	0.25300	0.24689	5157088
Gm_179	0.24213	0.25797	0.25814	0.24177	4361380
Gm_180	0.24686	0.25322	0.25346	0.24646	5128057
Gm_181	0.24780	0.25217	0.25248	0.24756	4831589
Gm_182	0.24744	0.25277	0.25298	0.24681	4939728
Gm_183	0.24617	0.25378	0.25392	0.24613	5123492
Gm_184	0.24825	0.25200	0.25213	0.24762	5114658
Gm_185	0.24796	0.25213	0.25248	0.24743	5153463
Gm_186	0.24750	0.25259	0.25268	0.24723	5146330
Gm_187	0.24602	0.25414	0.25408	0.24577	4551866
Gm_188	0.24811	0.25209	0.25212	0.24768	5148557
Gm_189	0.24409	0.25613	0.25631	0.24346	4244354
Gm_190	0.24859	0.25150	0.25175	0.24817	5166088
Gm_191	0.24619	0.25373	0.25404	0.24603	5109456
Gm_192	0.24831	0.25182	0.25190	0.24797	5147400
Gm_193	0.21416	0.28607	0.28607	0.21369	3803010
Gm_194	0.24747	0.25273	0.25289	0.24691	5109751
Gm_195	0.22147	0.27902	0.27903	0.22047	4527943
Gm_196	0.24509	0.25496	0.25518	0.24477	4144994
Gm_197	0.24652	0.25347	0.25370	0.24631	4947444
Gm_198	0.22435	0.27566	0.27617	0.22382	4927620
Gm_199	0.24705	0.25301	0.25318	0.24676	5044218
Gm_200	0.24749	0.25257	0.25273	0.24720	5141790
Gm_201	0.22711	0.27335	0.27326	0.22628	5020085
Gm_202	0.24769	0.25229	0.25249	0.24753	4962639
Gm_203	0.24267	0.25751	0.25756	0.24226	4155551
Gm_204	0.24773	0.25226	0.25258	0.24744	5113179
Gm_205	0.22630	0.27411	0.27407	0.22552	4996201
Gm_206	0.24547	0.25462	0.25461	0.24530	4399855
Gm_207	0.24389	0.25605	0.25652	0.24354	4222000
Gm_208	0.24678	0.25320	0.25341	0.24662	5111157
Gm_209	0.24858	0.25150	0.25177	0.24815	5131665
Gm_210	0.24728	0.25313	0.25306	0.24653	4927627
Gm_211	0.24825	0.25204	0.25225	0.24746	5085543
Gm_212	0.24683	0.25331	0.25340	0.24646	5091137
Gm_213	0.24635	0.25337	0.25393	0.24636	5011871
Gm_214	0.24735	0.25261	0.25283	0.24721	5081663
Gm_215	0.24767	0.25239	0.25269	0.24725	5098504
Gm_216	0.22256	0.27784	0.27794	0.22167	4899935
Gm_217	0.24744	0.25276	0.25280	0.24700	4989003
Gm_218	0.24658	0.25330	0.25349	0.24662	5122324
Gm_219	0.24559	0.25466	0.25469	0.24506	4709941
Gm_220	0.24692	0.25326	0.25329	0.24653	5131845
Gm_221	0.24858	0.25155	0.25179	0.24809	5169264
Gm_222	0.24503	0.25537	0.25534	0.24426	4379072
Gm_223	0.24713	0.25322	0.25326	0.24640	5111466
Gm_224	0.24796	0.25236	0.25248	0.24720	5119142
Gm_225	0.24666	0.25344	0.25369	0.24621	5080865
Gm_226	0.21330	0.28737	0.28698	0.21234	3773587
Gm_227	0.24428	0.25604	0.25611	0.24357	4518863
Gm_228	0.24795	0.25203	0.25235	0.24767	5127375
Gm_229	0.22503	0.27512	0.27520	0.22465	5043781
Gm_230	0.24488	0.25541	0.25547	0.24424	4376010
Gm_231	0.24369	0.25648	0.25662	0.24322	4278310
Gm_232	0.24711	0.25318	0.25313	0.24658	5138505
Gm_233	0.22493	0.27531	0.27516	0.22460	4658202
Gm_234	0.24753	0.25266	0.25272	0.24709	5093003
Gm_235	0.24713	0.25327	0.25330	0.24630	5163056
Gm_236	0.22929	0.27106	0.27111	0.22854	5040030
Gm_237	0.24277	0.25730	0.25746	0.24246	4134966
Gm_238	0.24784	0.25251	0.25260	0.24705	5020118
Gm_239	0.24783	0.25239	0.25262	0.24716	5150642
Gm_240	0.24707	0.25285	0.25325	0.24684	4709749
Gm_241	0.24429	0.25557	0.25583	0.24431	4196974
Gm_242	0.21776	0.28232	0.28245	0.21747	4978401
Gm_243	0.24657	0.25347	0.25362	0.24634	5137485
Gm_244	0.21858	0.28153	0.28175	0.21814	4409212
Gm_245	0.24836	0.25164	0.25181	0.24819	5066098
Gm_246	0.24594	0.25397	0.25413	0.24596	5122073
Gm_247	0.24818	0.25194	0.25199	0.24789	5070031
Gm_248	0.22389	0.27608	0.27640	0.22363	4999653
Gm_249	0.24646	0.25360	0.25401	0.24593	4619446
Gm_250	0.24387	0.25638	0.25631	0.24345	3981630
Gm_251	0.24568	0.25459	0.25464	0.24509	4722747
Gm_252	0.22684	0.27363	0.27347	0.22606	5013096
Gm_253	0.24175	0.25821	0.25834	0.24170	4154266
Gm_254	0.24779	0.25236	0.25238	0.24747	5068697
Gm_255	0.24775	0.25232	0.25261	0.24732	5106643
Gm_256	0.24533	0.25464	0.25486	0.24518	5087840
Gm_257	0.22997	0.26991	0.27037	0.22974	4922283
Gm_258	0.24688	0.25332	0.25337	0.24643	4969716
Gm_259	0.22513	0.27502	0.27506	0.22479	5000495
Gm_260	0.24331	0.25685	0.25691	0.24293	4177693
Gm_261	0.24209	0.25779	0.25817	0.24195	3836293
Gm_262	0.24684	0.25359	0.25354	0.24604	5142234
Gm_263	0.22551	0.27456	0.27484	0.22509	4949838
Gm_264	0.24798	0.25227	0.25247	0.24728	5138722
Gm_265	0.24678	0.25316	0.25338	0.24668	5090490
Gm_266	0.22826	0.27199	0.27211	0.22764	4823806
Gm_267	0.24577	0.25458	0.25446	0.24519	4775560
Gm_268	0.24357	0.25640	0.25676	0.24327	4047281
Gm_269	0.24643	0.25397	0.25396	0.24564	5154397
Gm_270	0.24683	0.25337	0.25354	0.24626	4669874
Gm_271	0.24715	0.25326	0.25322	0.24637	5144032
Gm_272	0.22494	0.27532	0.27540	0.22434	4992645
Gm_273	0.24692	0.25316	0.25349	0.24644	4912596
Gm_274	0.24823	0.25174	0.25216	0.24787	5111113
Gm_275	0.24767	0.25249	0.25282	0.24702	5069807
Gm_276	0.24773	0.25238	0.25264	0.24725	5124176
Gm_277	0.24809	0.25211	0.25225	0.24755	5101846
Gm_278	0.24846	0.25169	0.25185	0.24801	5143482
Gm_279	0.22646	0.27363	0.27376	0.22614	4955282
Gm_280	0.24625	0.25390	0.25416	0.24569	4617536
Gm_281	0.24725	0.25289	0.25309	0.24677	5079182
Gm_282	0.24856	0.25155	0.25175	0.24814	5106276
Gm_283	0.22584	0.27434	0.27465	0.22517	5008860
Gm_284	0.24728	0.25279	0.25294	0.24699	5151078
Gm_285	0.22900	0.27100	0.27149	0.22851	4962563
Gm_286	0.24463	0.25544	0.25563	0.24430	4617206
Gm_287	0.24726	0.25271	0.25309	0.24695	5133809
Gm_288	0.22439	0.27572	0.27597	0.22392	4955896
Gm_289	0.24451	0.25586	0.25564	0.24399	4521666
Gm_290	0.24540	0.25464	0.25489	0.24507	4358013
Gm_291	0.24494	0.25503	0.25529	0.24474	4158531
Gm_292	0.24641	0.25395	0.25408	0.24556	4603978
Gm_293	0.24799	0.25221	0.25223	0.24758	5093000
Gm_294	0.24689	0.25323	0.25327	0.24661	5124603
Gm_295	0.24671	0.25342	0.25354	0.24632	4712266
Gm_296	0.24718	0.25308	0.25314	0.24659	4998005
Gm_297	0.24809	0.25220	0.25241	0.24730	5116306
Gm_298	0.21957	0.28067	0.28085	0.21892	4952565
Gm_299	0.24595	0.25429	0.25443	0.24534	5107428
Gm_300	0.24738	0.25254	0.25272	0.24736	5143740
Gm_301	0.24684	0.25338	0.25349	0.24629	4535714
Gm_302	0.24219	0.25782	0.25807	0.24192	4140390
