Strain	A	C	G	T	Total
B73_MZ	0.20618	0.29364	0.29399	0.20619	8528554
B97_MZ	0.20816	0.29161	0.29190	0.20834	8649693
BKN009_MZ	0.20623	0.29384	0.29400	0.20593	8731003
BKN010_MZ	0.20727	0.29243	0.29301	0.20729	8765134
BKN011_MZ	0.20506	0.29472	0.29510	0.20512	8538529
BKN014_MZ	0.20613	0.29374	0.29403	0.20610	8680557
BKN015_MZ	0.20692	0.29316	0.29340	0.20652	8604211
BKN016_MZ	0.20695	0.29294	0.29323	0.20688	8703333
BKN017_MZ	0.20484	0.29498	0.29550	0.20469	8422084
BKN018_MZ	0.20884	0.29119	0.29127	0.20871	8814056
BKN019_MZ	0.20743	0.29246	0.29289	0.20722	8745802
BKN020_MZ	0.20744	0.29252	0.29269	0.20734	8659884
BKN022_MZ	0.20609	0.29383	0.29422	0.20586	8656290
BKN023_MZ	0.20753	0.29222	0.29276	0.20749	8640029
BKN025_MZ	0.20832	0.29149	0.29188	0.20832	8736083
BKN026_MZ	0.20530	0.29471	0.29493	0.20506	8559629
BKN027_MZ	0.20765	0.29218	0.29255	0.20762	8695713
BKN029_MZ	0.20529	0.29452	0.29494	0.20526	8489156
BKN030_MZ	0.20671	0.29312	0.29341	0.20676	8603795
BKN031_MZ	0.20766	0.29226	0.29241	0.20766	8746979
BKN032_MZ	0.20754	0.29235	0.29269	0.20742	8706607
BKN033_MZ	0.20548	0.29443	0.29491	0.20519	8537440
BKN034_MZ	0.20828	0.29141	0.29183	0.20848	8640361
BKN035_MZ	0.20492	0.29492	0.29540	0.20475	8551015
BKN040_MZ	0.20980	0.29023	0.29048	0.20949	8507633
CAU178_MZ	0.20569	0.29412	0.29451	0.20568	8554422
CAU478_MZ	0.20584	0.29415	0.29441	0.20560	8477756
CAU5003_MZ	0.20774	0.29225	0.29255	0.20746	8621443
CAUCHANG72_MZ	0.20538	0.29450	0.29491	0.20521	8708326
CAUMO17_MZ	0.20741	0.29240	0.29288	0.20731	8898677
CAUZHENG58_MZ	0.20829	0.29164	0.29196	0.20811	8807594
CML103_MZ	0.20763	0.29224	0.29251	0.20762	8186158
CML133_MZ	0.20916	0.29065	0.29088	0.20932	8434936
CML192_MZ	0.20994	0.29003	0.29040	0.20963	8180693
CML202_MZ	0.20839	0.29153	0.29184	0.20824	8056128
CML206_MZ	0.21014	0.28995	0.29016	0.20975	8145076
CML228_MZ	0.20767	0.29241	0.29243	0.20750	8019847
CML247_MZ	0.20579	0.29408	0.29438	0.20575	7342028
CML277_MZ	0.20667	0.29309	0.29352	0.20672	7764542
CML312SR_MZ	0.20976	0.29011	0.29045	0.20967	8069375
CML322_MZ	0.20685	0.29324	0.29324	0.20667	7850978
CML330_MZ	0.20902	0.29059	0.29108	0.20931	8179067
CML333_MZ	0.20863	0.29134	0.29159	0.20844	8692369
CML341_MZ	0.20959	0.29027	0.29062	0.20952	8164445
CML411_MZ	0.20999	0.28983	0.29026	0.20991	8135627
CML418_MZ	0.20878	0.29108	0.29144	0.20870	8032866
CML479_MZ	0.20836	0.29154	0.29180	0.20831	8186979
CML504_MZ	0.20973	0.29044	0.29033	0.20949	8096138
CML505_MZ	0.20986	0.29000	0.29048	0.20966	8422923
CML511_MZ	0.20949	0.29042	0.29085	0.20924	8218463
CML52_MZ	0.20706	0.29278	0.29320	0.20696	8251262
CML69_MZ	0.20831	0.29160	0.29195	0.20814	8560205
CML84_MZ	0.20863	0.29132	0.29170	0.20834	8362122
CML85_MZ	0.20860	0.29133	0.29153	0.20854	8453604
CML96_MZ	0.20923	0.29066	0.29101	0.20911	8206815
CML99_MZ	0.20959	0.29052	0.29057	0.20933	8379901
H16_MZ	0.20948	0.29057	0.29075	0.20920	7872373
HP301_MZ	0.20802	0.29206	0.29218	0.20775	8670916
IL14H_MZ	0.20798	0.29189	0.29224	0.20789	8557287
KI11_MZ	0.20771	0.29227	0.29256	0.20745	8087175
KI3_MZ	0.20799	0.29188	0.29214	0.20799	8876666
KY21_MZ	0.20480	0.29506	0.29536	0.20477	7388218
M162W_MZ	0.20712	0.29306	0.29305	0.20677	8328870
M37W_MZ	0.20679	0.29305	0.29346	0.20671	8181759
MO17_MZ	0.20893	0.29083	0.29134	0.20890	8387980
MO18W_MZ	0.20638	0.29328	0.29384	0.20651	8173572
MS71_MZ	0.20770	0.29228	0.29257	0.20745	8686257
NC350_MZ	0.20555	0.29417	0.29452	0.20576	7537170
NC358_MZ	0.20516	0.29475	0.29509	0.20500	7400806
OH43_MZ	0.20672	0.29306	0.29358	0.20664	9034586
OH7B_MZ	0.20717	0.29295	0.29296	0.20692	8204964
P1_MZ	0.20921	0.29072	0.29096	0.20910	8267012
P39_MZ	0.20718	0.29267	0.29310	0.20705	8389559
TIL01_TEO	0.19005	0.31004	0.31032	0.18959	6927443
TIL03_TEO	0.19452	0.30549	0.30579	0.19421	7640550
TIL05_TEO	0.19155	0.30837	0.30892	0.19115	8182815
TIL06-TIP260_TEO	0.18820	0.31173	0.31218	0.18789	7968059
TIL07_TEO	0.19212	0.30790	0.30820	0.19179	8089348
TIL08_TEO	0.18345	0.31670	0.31692	0.18293	8099689
TIL09_TEO	0.19221	0.30778	0.30816	0.19185	8255608
TIL10_TEO	0.18990	0.31005	0.31044	0.18961	8046586
TIL11_TEO	0.19446	0.30547	0.30601	0.19406	6853898
TIL12_TEO	0.18855	0.31160	0.31160	0.18825	6605136
TIL15_TEO	0.18873	0.31142	0.31138	0.18847	7943749
TIL16_TEO	0.18847	0.31155	0.31176	0.18822	7391691
TIL17_TEO	0.19123	0.30869	0.30909	0.19099	7574333
TIL25_TEO	0.18344	0.31640	0.31679	0.18337	8257212
TIL04-TIP454_TEO	0.18937	0.31083	0.31099	0.18880	8049443
TIL06-TIP496_TEO	0.18894	0.31104	0.31167	0.18834	7904141
TIL14_TEO	0.19267	0.30720	0.30754	0.19259	7969543
TX303_MZ	0.20778	0.29180	0.29241	0.20802	8454428
TZI8_MZ	0.20816	0.29157	0.29222	0.20806	7296565
VL0512447_MZ	0.20870	0.29121	0.29139	0.20871	7758374
VL05128_MZ	0.20858	0.29120	0.29172	0.20850	8238642
VL054178_MZ	0.21001	0.29001	0.29011	0.20987	8286970
VL05610_MZ	0.21005	0.29005	0.29007	0.20983	8464237
VL056883_MZ	0.20766	0.29207	0.29258	0.20769	8135539
VL062784_MZ	0.20928	0.29060	0.29107	0.20904	8179306
W22_MZ	0.20897	0.29095	0.29130	0.20877	8878038
W64A_MZ	0.20705	0.29274	0.29324	0.20697	8990864
