Strain	A	C	G	T	Total
B73_MZ	0.20607	0.29449	0.29248	0.20696	8032887
B97_MZ	0.20801	0.29239	0.29044	0.20916	8146269
BKN009_MZ	0.20615	0.29465	0.29249	0.20672	8222036
BKN010_MZ	0.20723	0.29323	0.29146	0.20808	8257377
BKN011_MZ	0.20500	0.29550	0.29355	0.20595	8039579
BKN014_MZ	0.20603	0.29457	0.29253	0.20687	8174857
BKN015_MZ	0.20673	0.29396	0.29202	0.20730	8101664
BKN016_MZ	0.20684	0.29381	0.29175	0.20761	8195455
BKN017_MZ	0.20480	0.29578	0.29394	0.20548	7934684
BKN018_MZ	0.20871	0.29199	0.28980	0.20950	8300018
BKN019_MZ	0.20730	0.29325	0.29142	0.20803	8234328
BKN020_MZ	0.20732	0.29335	0.29120	0.20813	8155843
BKN022_MZ	0.20597	0.29466	0.29269	0.20667	8153395
BKN023_MZ	0.20743	0.29302	0.29128	0.20827	8135843
BKN025_MZ	0.20821	0.29226	0.29038	0.20915	8228255
BKN026_MZ	0.20522	0.29554	0.29338	0.20586	8059379
BKN027_MZ	0.20750	0.29305	0.29103	0.20843	8187529
BKN029_MZ	0.20526	0.29533	0.29339	0.20602	7995938
BKN030_MZ	0.20675	0.29388	0.29180	0.20756	8106799
BKN031_MZ	0.20755	0.29304	0.29091	0.20850	8238205
BKN032_MZ	0.20737	0.29317	0.29123	0.20823	8201296
BKN033_MZ	0.20538	0.29527	0.29338	0.20597	8040017
BKN034_MZ	0.20820	0.29223	0.29032	0.20926	8138088
BKN035_MZ	0.20480	0.29580	0.29387	0.20553	8051656
BKN040_MZ	0.20970	0.29100	0.28898	0.21032	8010662
CAU178_MZ	0.20558	0.29496	0.29303	0.20643	8060145
CAU478_MZ	0.20567	0.29501	0.29291	0.20642	7982293
CAU5003_MZ	0.20759	0.29310	0.29106	0.20825	8120477
CAUCHANG72_MZ	0.20525	0.29534	0.29340	0.20601	8202923
CAUMO17_MZ	0.20733	0.29316	0.29138	0.20814	8380696
CAUZHENG58_MZ	0.20816	0.29245	0.29047	0.20891	8295130
CML103_MZ	0.20752	0.29303	0.29103	0.20842	7713860
CML133_MZ	0.20903	0.29144	0.28936	0.21017	7943496
CML192_MZ	0.20979	0.29084	0.28892	0.21045	7702705
CML202_MZ	0.20822	0.29240	0.29036	0.20901	7587757
CML206_MZ	0.21000	0.29075	0.28866	0.21059	7668736
CML228_MZ	0.20746	0.29328	0.29098	0.20828	7555052
CML247_MZ	0.20563	0.29492	0.29293	0.20653	6916407
CML277_MZ	0.20649	0.29395	0.29204	0.20752	7312486
CML312SR_MZ	0.20958	0.29091	0.28904	0.21047	7598929
CML322_MZ	0.20669	0.29414	0.29172	0.20744	7392969
CML330_MZ	0.20888	0.29145	0.28954	0.21013	7700501
CML333_MZ	0.20848	0.29215	0.29017	0.20920	8187853
CML341_MZ	0.20946	0.29113	0.28908	0.21033	7686609
CML411_MZ	0.20984	0.29063	0.28878	0.21075	7663209
CML418_MZ	0.20858	0.29192	0.29000	0.20951	7563681
CML479_MZ	0.20813	0.29243	0.29034	0.20909	7709489
CML504_MZ	0.20966	0.29125	0.28876	0.21034	7624244
CML505_MZ	0.20968	0.29083	0.28898	0.21051	7929640
CML511_MZ	0.20937	0.29123	0.28932	0.21008	7737337
CML52_MZ	0.20690	0.29364	0.29175	0.20771	7771726
CML69_MZ	0.20818	0.29243	0.29048	0.20891	8064971
CML84_MZ	0.20860	0.29210	0.29016	0.20914	7874573
CML85_MZ	0.20855	0.29209	0.28996	0.20940	7961295
CML96_MZ	0.20906	0.29147	0.28955	0.20991	7729404
CML99_MZ	0.20937	0.29135	0.28913	0.21015	7892388
H16_MZ	0.20930	0.29142	0.28924	0.21004	7408033
HP301_MZ	0.20796	0.29285	0.29065	0.20854	8168692
IL14H_MZ	0.20786	0.29267	0.29078	0.20869	8060106
KI11_MZ	0.20756	0.29310	0.29109	0.20826	7618966
KI3_MZ	0.20786	0.29269	0.29064	0.20881	8362624
KY21_MZ	0.20456	0.29602	0.29390	0.20552	6957520
M162W_MZ	0.20696	0.29392	0.29154	0.20758	7843306
M37W_MZ	0.20664	0.29390	0.29197	0.20749	7704989
MO17_MZ	0.20880	0.29161	0.28987	0.20971	7900417
MO18W_MZ	0.20615	0.29420	0.29239	0.20727	7699020
MS71_MZ	0.20755	0.29308	0.29113	0.20823	8180646
NC350_MZ	0.20532	0.29507	0.29306	0.20655	7098584
NC358_MZ	0.20485	0.29573	0.29365	0.20578	6969646
OH43_MZ	0.20664	0.29390	0.29204	0.20742	8509898
OH7B_MZ	0.20701	0.29380	0.29147	0.20772	7726644
P1_MZ	0.20915	0.29154	0.28939	0.20992	7784847
P39_MZ	0.20700	0.29360	0.29160	0.20780	7902970
TIL01_TEO	0.19008	0.31096	0.30868	0.19028	6523441
TIL03_TEO	0.19451	0.30641	0.30420	0.19488	7199224
TIL05_TEO	0.19174	0.30912	0.30721	0.19193	7707457
TIL06-TIP260_TEO	0.18839	0.31255	0.31044	0.18861	7504074
TIL07_TEO	0.19219	0.30879	0.30655	0.19247	7622379
TIL08_TEO	0.18366	0.31752	0.31519	0.18362	7631671
TIL09_TEO	0.19235	0.30864	0.30651	0.19250	7778702
TIL10_TEO	0.19011	0.31085	0.30868	0.19036	7579656
TIL11_TEO	0.19441	0.30641	0.30444	0.19474	6454714
TIL12_TEO	0.18872	0.31245	0.30989	0.18894	6223360
TIL15_TEO	0.18889	0.31223	0.30971	0.18918	7486789
TIL16_TEO	0.18864	0.31243	0.31003	0.18889	6961300
TIL17_TEO	0.19139	0.30952	0.30736	0.19174	7136855
TIL25_TEO	0.18365	0.31728	0.31504	0.18403	7773700
TIL04-TIP454_TEO	0.18954	0.31170	0.30927	0.18949	7583221
TIL06-TIP496_TEO	0.18913	0.31187	0.30993	0.18907	7443438
TIL14_TEO	0.19281	0.30799	0.30586	0.19335	7511322
TX303_MZ	0.20762	0.29264	0.29092	0.20883	7962323
TZI8_MZ	0.20800	0.29240	0.29079	0.20881	6878827
VL0512447_MZ	0.20851	0.29207	0.28993	0.20950	7303456
VL05128_MZ	0.20838	0.29206	0.29027	0.20929	7756311
VL054178_MZ	0.20979	0.29084	0.28868	0.21069	7804363
VL05610_MZ	0.20995	0.29088	0.28853	0.21064	7969471
VL056883_MZ	0.20748	0.29288	0.29109	0.20855	7661592
VL062784_MZ	0.20905	0.29149	0.28959	0.20986	7701620
W22_MZ	0.20883	0.29177	0.28982	0.20959	8360011
W64A_MZ	0.20694	0.29355	0.29173	0.20778	8469566
