Category	Strain	Group	A	C	G	T	Total
All	Gm_1	Wild	0.22563	0.27491	0.27430	0.22516	4638827
All	Gm_2	Landrace	0.24060	0.25959	0.25903	0.24079	4611392
All	Gm_3	Improved	0.24773	0.25245	0.25200	0.24782	4831989
All	Gm_4	Landrace	0.24328	0.25679	0.25647	0.24346	4355142
All	Gm_5	Landrace	0.24360	0.25662	0.25588	0.24390	4009583
All	Gm_6	Improved	0.24761	0.25267	0.25218	0.24753	4723165
All	Gm_7	Landrace	0.24407	0.25612	0.25525	0.24456	4057260
All	Gm_8	Landrace	0.24516	0.25510	0.25449	0.24525	4353783
All	Gm_9	Landrace	0.24549	0.25463	0.25416	0.24571	4503533
All	Gm_10	Landrace	0.24824	0.25187	0.25120	0.24869	4811867
All	Gm_11	Wild	0.23319	0.26724	0.26652	0.23305	4714350
All	Gm_12	Improved	0.24616	0.25395	0.25353	0.24636	4304229
All	Gm_13	Improved	0.24863	0.25133	0.25093	0.24911	4713517
All	Gm_14	Wild	0.23043	0.27020	0.26914	0.23023	4671771
All	Gm_15	Improved	0.24744	0.25291	0.25224	0.24741	4831305
All	Gm_16	Landrace	0.24800	0.25204	0.25157	0.24840	4799502
All	Gm_17	Wild	0.22344	0.27737	0.27615	0.22304	4222281
All	Gm_18	Improved	0.24817	0.25191	0.25148	0.24844	4718854
All	Gm_19	Wild	0.22901	0.27149	0.27067	0.22882	4297690
All	Gm_20	Improved	0.24776	0.25235	0.25185	0.24804	4827003
All	Gm_21	Landrace	0.24677	0.25369	0.25288	0.24665	4730863
All	Gm_22	Landrace	0.24826	0.25181	0.25133	0.24860	4811042
All	Gm_23	Landrace	0.24587	0.25423	0.25386	0.24604	4754222
All	Gm_24	Improved	0.24784	0.25241	0.25201	0.24774	4810881
All	Gm_25	Wild	0.22177	0.27862	0.27803	0.22158	4638141
All	Gm_26	Improved	0.24667	0.25366	0.25300	0.24667	4441977
All	Gm_27	Landrace	0.24625	0.25407	0.25328	0.24641	4389996
All	Gm_28	Landrace	0.24676	0.25329	0.25279	0.24716	4747106
All	Gm_29	Improved	0.24505	0.25516	0.25452	0.24526	4116133
All	Gm_30	Improved	0.24618	0.25377	0.25328	0.24676	4254141
All	Gm_31	Landrace	0.24679	0.25341	0.25294	0.24686	4617830
All	Gm_32	Landrace	0.24531	0.25461	0.25428	0.24580	4136005
All	Gm_33	Wild	0.21203	0.28870	0.28756	0.21170	3045862
All	Gm_34	Improved	0.24721	0.25305	0.25244	0.24730	4741384
All	Gm_35	Wild	0.22514	0.27533	0.27460	0.22493	4682680
All	Gm_36	Landrace	0.24420	0.25611	0.25529	0.24441	3951729
All	Gm_37	Improved	0.24785	0.25248	0.25185	0.24782	4821881
All	Gm_38	Improved	0.24736	0.25298	0.25238	0.24728	4809406
All	Gm_39	Improved	0.24640	0.25364	0.25319	0.24677	4486414
All	Gm_40	Landrace	0.24704	0.25325	0.25265	0.24706	4814139
All	Gm_41	Landrace	0.24713	0.25306	0.25232	0.24749	4837318
All	Gm_42	Landrace	0.24665	0.25351	0.25299	0.24685	4062285
All	Gm_43	Improved	0.24244	0.25777	0.25686	0.24293	3585100
All	Gm_44	Landrace	0.24526	0.25477	0.25422	0.24575	4508257
All	Gm_45	Improved	0.24700	0.25303	0.25265	0.24732	4486057
All	Gm_46	Wild	0.22678	0.27385	0.27277	0.22659	3872081
All	Gm_47	Improved	0.24398	0.25640	0.25588	0.24374	3818029
All	Gm_48	Landrace	0.24638	0.25374	0.25330	0.24658	4588364
All	Gm_49	Landrace	0.24797	0.25211	0.25152	0.24840	4829787
All	Gm_50	Landrace	0.24385	0.25625	0.25566	0.24425	3917561
All	Gm_51	Wild	0.22974	0.27085	0.26996	0.22945	4710807
All	Gm_52	Landrace	0.24542	0.25490	0.25413	0.24555	4367677
All	Gm_53	Wild	0.22139	0.27904	0.27802	0.22155	3825509
All	Gm_54	Landrace	0.24062	0.25918	0.25927	0.24093	4493164
All	Gm_55	Landrace	0.24843	0.25160	0.25114	0.24884	4831123
All	Gm_56	Improved	0.24762	0.25284	0.25213	0.24741	4671181
All	Gm_57	Wild	0.22526	0.27557	0.27460	0.22457	4477079
All	Gm_58	Improved	0.24229	0.25799	0.25721	0.24251	3591285
All	Gm_59	Landrace	0.24707	0.25311	0.25262	0.24720	4780654
All	Gm_60	Wild	0.22682	0.27371	0.27305	0.22642	4606899
All	Gm_61	Improved	0.24806	0.25201	0.25157	0.24837	4780414
All	Gm_62	Landrace	0.24377	0.25656	0.25562	0.24405	4019169
All	Gm_63	Improved	0.24117	0.25887	0.25861	0.24134	3948922
All	Gm_64	Improved	0.24728	0.25305	0.25240	0.24727	4789621
All	Gm_65	Wild	0.22516	0.27513	0.27450	0.22521	4600879
All	Gm_66	Landrace	0.24711	0.25317	0.25253	0.24719	4739758
All	Gm_67	Landrace	0.24825	0.25188	0.25137	0.24850	4769181
All	Gm_68	Landrace	0.24827	0.25203	0.25132	0.24838	4680212
All	Gm_69	Improved	0.24780	0.25221	0.25176	0.24824	4729948
All	Gm_70	Wild	0.21634	0.28428	0.28351	0.21587	3586185
All	Gm_71	Improved	0.24622	0.25394	0.25353	0.24631	4235456
All	Gm_72	Landrace	0.24633	0.25386	0.25322	0.24658	4786476
All	Gm_73	Landrace	0.24726	0.25300	0.25233	0.24741	4775474
All	Gm_74	Improved	0.24662	0.25344	0.25301	0.24693	4340549
All	Gm_75	Wild	0.21075	0.29002	0.28908	0.21016	3360457
All	Gm_76	Improved	0.24829	0.25160	0.25134	0.24877	4796255
All	Gm_77	Landrace	0.24677	0.25319	0.25278	0.24725	4725880
All	Gm_78	Landrace	0.24572	0.25429	0.25381	0.24618	4682665
All	Gm_79	Wild	0.22102	0.27946	0.27873	0.22079	4072253
All	Gm_80	Improved	0.24866	0.25133	0.25102	0.24899	4846786
All	Gm_81	Improved	0.24684	0.25304	0.25272	0.24741	4567697
All	Gm_82	Landrace	0.24789	0.25245	0.25190	0.24776	4761745
All	Gm_83	Landrace	0.24585	0.25417	0.25372	0.24625	4621088
All	Gm_84	Improved	0.24741	0.25289	0.25230	0.24740	4745001
All	Gm_85	Wild	0.22214	0.27824	0.27732	0.22230	4047556
All	Gm_86	Improved	0.24848	0.25163	0.25114	0.24875	4771778
All	Gm_87	Landrace	0.22489	0.27536	0.27468	0.22506	3047510
All	Gm_88	Landrace	0.24328	0.25683	0.25615	0.24374	4228141
All	Gm_89	Landrace	0.24293	0.25748	0.25660	0.24300	3960903
All	Gm_90	Wild	0.22686	0.27363	0.27301	0.22650	4724908
All	Gm_91	Landrace	0.24809	0.25205	0.25151	0.24835	4771243
All	Gm_92	Improved	0.24371	0.25633	0.25571	0.24425	3725401
All	Gm_93	Improved	0.24791	0.25232	0.25182	0.24794	4644960
All	Gm_94	Improved	0.24720	0.25280	0.25237	0.24762	4562412
All	Gm_95	Landrace	0.24645	0.25373	0.25306	0.24676	4589111
All	Gm_96	Wild	0.22692	0.27345	0.27280	0.22682	4727033
All	Gm_97	Landrace	0.24736	0.25280	0.25210	0.24774	4582368
All	Gm_98	Landrace	0.24702	0.25302	0.25268	0.24728	4818822
All	Gm_99	Landrace	0.24734	0.25276	0.25217	0.24772	4779840
All	Gm_100	Improved	0.24834	0.25173	0.25131	0.24861	4820528
All	Gm_101	Landrace	0.24398	0.25613	0.25550	0.24439	3922144
All	Gm_102	Wild	0.22811	0.27259	0.27165	0.22764	4700193
All	Gm_103	Improved	0.24811	0.25223	0.25168	0.24799	4541325
All	Gm_104	Wild	0.22514	0.27506	0.27463	0.22517	4701102
All	Gm_105	Improved	0.24672	0.25343	0.25296	0.24689	4339068
All	Gm_106	Improved	0.24801	0.25205	0.25160	0.24834	4656779
All	Gm_107	Wild	0.23166	0.26880	0.26804	0.23150	4735289
All	Gm_108	Improved	0.24569	0.25440	0.25413	0.24578	4257881
All	Gm_109	Landrace	0.24658	0.25342	0.25295	0.24706	4705706
All	Gm_110	Landrace	0.24702	0.25350	0.25285	0.24663	4674798
All	Gm_111	Wild	0.22020	0.28022	0.27942	0.22017	3395941
All	Gm_112	Landrace	0.24295	0.25737	0.25669	0.24299	4288805
All	Gm_113	Improved	0.24599	0.25414	0.25354	0.24632	4268089
All	Gm_114	Wild	0.22691	0.27382	0.27275	0.22652	4527248
All	Gm_115	Landrace	0.24271	0.25775	0.25673	0.24280	4072483
All	Gm_116	Landrace	0.24784	0.25261	0.25161	0.24795	4789601
All	Gm_117	Improved	0.24823	0.25191	0.25148	0.24838	4798341
All	Gm_118	Improved	0.24850	0.25162	0.25109	0.24878	4760646
All	Gm_119	Improved	0.24795	0.25216	0.25170	0.24820	4831413
All	Gm_120	Improved	0.24738	0.25311	0.25239	0.24713	4806185
All	Gm_121	Improved	0.24793	0.25221	0.25176	0.24810	4802958
All	Gm_122	Landrace	0.24808	0.25199	0.25165	0.24828	4809529
All	Gm_123	Improved	0.24660	0.25347	0.25295	0.24698	4607872
All	Gm_124	Wild	0.22655	0.27387	0.27323	0.22635	4686926
All	Gm_125	Landrace	0.24679	0.25333	0.25282	0.24706	4734484
All	Gm_126	Landrace	0.24783	0.25226	0.25179	0.24813	4780450
All	Gm_127	Landrace	0.24863	0.25142	0.25099	0.24896	4832895
All	Gm_128	Landrace	0.24673	0.25330	0.25297	0.24700	4776932
All	Gm_129	Wild	0.22798	0.27281	0.27175	0.22747	4707896
All	Gm_130	Landrace	0.24698	0.25331	0.25273	0.24699	4787990
All	Gm_131	Wild	0.22230	0.27810	0.27734	0.22226	4143183
All	Gm_132	Improved	0.24735	0.25293	0.25219	0.24753	4766360
All	Gm_133	Improved	0.24894	0.25111	0.25069	0.24926	4649466
All	Gm_134	Wild	0.23151	0.26896	0.26817	0.23136	4716402
All	Gm_135	Improved	0.24817	0.25169	0.25131	0.24884	4775948
All	Gm_136	Improved	0.24787	0.25229	0.25181	0.24803	4787759
All	Gm_137	Landrace	0.24770	0.25276	0.25201	0.24754	4821922
All	Gm_138	Wild	0.22814	0.27262	0.27152	0.22772	4695406
All	Gm_139	Improved	0.24514	0.25476	0.25440	0.24570	3992953
All	Gm_140	Landrace	0.24709	0.25287	0.25246	0.24758	4768709
All	Gm_141	Wild	0.22055	0.28026	0.27874	0.22045	3312821
All	Gm_142	Landrace	0.23969	0.26056	0.25995	0.23979	3633045
All	Gm_143	Landrace	0.24840	0.25172	0.25132	0.24857	4791213
All	Gm_144	Improved	0.24713	0.25325	0.25264	0.24697	4825034
All	Gm_145	Wild	0.21998	0.28019	0.27960	0.22022	4697350
All	Gm_146	Landrace	0.24296	0.25711	0.25661	0.24332	4382915
All	Gm_147	Improved	0.24667	0.25383	0.25312	0.24638	4846479
All	Gm_148	Improved	0.24861	0.25150	0.25100	0.24889	4826806
All	Gm_149	Improved	0.24568	0.25455	0.25373	0.24604	4089897
All	Gm_150	Landrace	0.24349	0.25641	0.25574	0.24436	4116031
All	Gm_151	Landrace	0.24502	0.25525	0.25423	0.24551	3837033
All	Gm_152	Wild	0.22495	0.27548	0.27483	0.22474	4662581
All	Gm_153	Landrace	0.24617	0.25388	0.25359	0.24636	4793357
All	Gm_154	Landrace	0.24805	0.25206	0.25165	0.24824	4809985
All	Gm_155	Landrace	0.24857	0.25145	0.25100	0.24898	4799199
All	Gm_156	Landrace	0.24577	0.25418	0.25389	0.24617	4333102
All	Gm_157	Landrace	0.24218	0.25802	0.25737	0.24243	4458560
All	Gm_158	Landrace	0.24643	0.25391	0.25311	0.24655	4811435
All	Gm_159	Improved	0.24811	0.25209	0.25156	0.24825	4742890
All	Gm_160	Landrace	0.24592	0.25431	0.25349	0.24628	4651136
All	Gm_161	Wild	0.22679	0.27358	0.27285	0.22678	4702892
All	Gm_162	Improved	0.24466	0.25559	0.25481	0.24494	4310341
All	Gm_163	Landrace	0.24764	0.25255	0.25186	0.24795	4680209
All	Gm_164	Wild	0.21170	0.28894	0.28824	0.21112	3029857
All	Gm_165	Landrace	0.24549	0.25472	0.25401	0.24578	4739261
All	Gm_166	Wild	0.22098	0.27950	0.27899	0.22053	3960860
All	Gm_167	Improved	0.24746	0.25259	0.25206	0.24789	4570107
All	Gm_168	Landrace	0.24502	0.25517	0.25443	0.24538	4297575
All	Gm_169	Landrace	0.24764	0.25271	0.25217	0.24748	4768794
All	Gm_170	Improved	0.24831	0.25172	0.25143	0.24854	4782347
All	Gm_171	Wild	0.22495	0.27566	0.27482	0.22457	3644603
All	Gm_172	Landrace	0.24176	0.25859	0.25752	0.24212	3556069
All	Gm_173	Landrace	0.23706	0.26306	0.26249	0.23739	3259863
All	Gm_174	Wild	0.21949	0.28092	0.28032	0.21927	4618081
All	Gm_175	Landrace	0.23996	0.25997	0.25943	0.24063	3949820
All	Gm_176	Landrace	0.24524	0.25517	0.25409	0.24551	4518344
All	Gm_177	Improved	0.24720	0.25328	0.25241	0.24711	4726661
All	Gm_178	Landrace	0.24734	0.25280	0.25214	0.24773	4833759
All	Gm_179	Landrace	0.24213	0.25800	0.25729	0.24257	4082676
All	Gm_180	Landrace	0.24703	0.25302	0.25264	0.24730	4810429
All	Gm_181	Improved	0.24793	0.25203	0.25164	0.24840	4531267
All	Gm_182	Improved	0.24761	0.25266	0.25212	0.24761	4628033
All	Gm_183	Landrace	0.24652	0.25351	0.25290	0.24706	4804460
All	Gm_184	Improved	0.24840	0.25189	0.25128	0.24843	4793339
All	Gm_185	Landrace	0.24806	0.25201	0.25172	0.24822	4830969
All	Gm_186	Improved	0.24775	0.25239	0.25173	0.24812	4824192
All	Gm_187	Landrace	0.24629	0.25399	0.25307	0.24665	4269040
All	Gm_188	Landrace	0.24821	0.25197	0.25137	0.24846	4826297
All	Gm_189	Improved	0.24430	0.25599	0.25542	0.24429	3966898
All	Gm_190	Improved	0.24872	0.25136	0.25092	0.24901	4842812
All	Gm_191	Landrace	0.24646	0.25352	0.25310	0.24692	4790237
All	Gm_192	Landrace	0.24847	0.25169	0.25108	0.24876	4825580
All	Gm_193	Wild	0.21509	0.28555	0.28444	0.21493	3556468
All	Gm_194	Landrace	0.24780	0.25247	0.25189	0.24784	4790680
All	Gm_195	Wild	0.22271	0.27810	0.27712	0.22207	4249085
All	Gm_196	Improved	0.24512	0.25498	0.25433	0.24557	3879453
All	Gm_197	Landrace	0.24675	0.25331	0.25278	0.24716	4636009
All	Gm_198	Wild	0.22542	0.27485	0.27450	0.22523	4625618
All	Gm_199	Improved	0.24727	0.25282	0.25232	0.24760	4729441
All	Gm_200	Improved	0.24764	0.25244	0.25190	0.24802	4820783
All	Gm_201	Wild	0.22805	0.27267	0.27169	0.22758	4709865
All	Gm_202	Improved	0.24791	0.25210	0.25167	0.24832	4653613
All	Gm_203	Landrace	0.24255	0.25768	0.25671	0.24307	3883594
All	Gm_204	Improved	0.24790	0.25210	0.25174	0.24826	4793282
All	Gm_205	Wild	0.22724	0.27338	0.27250	0.22687	4687080
All	Gm_206	Improved	0.24558	0.25449	0.25372	0.24620	4123934
All	Gm_207	Landrace	0.24388	0.25594	0.25569	0.24449	3953554
All	Gm_208	Landrace	0.24700	0.25302	0.25248	0.24750	4790823
All	Gm_209	Improved	0.24871	0.25136	0.25093	0.24900	4809735
All	Gm_210	Improved	0.24741	0.25304	0.25223	0.24733	4616208
All	Gm_211	Improved	0.24835	0.25195	0.25146	0.24824	4766384
All	Gm_212	Improved	0.24712	0.25302	0.25242	0.24744	4773138
All	Gm_213	Landrace	0.24669	0.25312	0.25288	0.24731	4699831
All	Gm_214	Landrace	0.24753	0.25243	0.25197	0.24807	4766566
All	Gm_215	Improved	0.24786	0.25226	0.25179	0.24808	4778380
All	Gm_216	Wild	0.22370	0.27698	0.27618	0.22315	4599973
All	Gm_217	Landrace	0.24775	0.25240	0.25182	0.24804	4682378
All	Gm_218	Landrace	0.24682	0.25310	0.25257	0.24751	4802439
All	Gm_219	Landrace	0.24565	0.25457	0.25383	0.24594	4416320
All	Gm_220	Landrace	0.24701	0.25315	0.25252	0.24731	4810737
All	Gm_221	Landrace	0.24865	0.25144	0.25102	0.24889	4845271
All	Gm_222	Improved	0.24523	0.25518	0.25429	0.24530	4102776
All	Gm_223	Landrace	0.24746	0.25289	0.25223	0.24743	4793148
All	Gm_224	Improved	0.24811	0.25226	0.25166	0.24797	4799253
All	Gm_225	Landrace	0.24698	0.25316	0.25271	0.24716	4762914
All	Gm_226	Wild	0.21447	0.28661	0.28510	0.21382	3527631
All	Gm_227	Landrace	0.24454	0.25582	0.25506	0.24459	4235441
All	Gm_228	Landrace	0.24807	0.25188	0.25156	0.24849	4807433
All	Gm_229	Wild	0.22604	0.27442	0.27354	0.22600	4731442
All	Gm_230	Improved	0.24494	0.25539	0.25463	0.24504	4097839
All	Gm_231	Landrace	0.24375	0.25644	0.25566	0.24415	4004909
All	Gm_232	Landrace	0.24726	0.25305	0.25230	0.24740	4816035
All	Gm_233	Wild	0.22590	0.27469	0.27359	0.22582	4370720
All	Gm_234	Landrace	0.24776	0.25245	0.25181	0.24798	4776568
All	Gm_235	Improved	0.24734	0.25311	0.25243	0.24711	4839771
All	Gm_236	Wild	0.23031	0.27030	0.26943	0.22996	4728598
All	Gm_237	Improved	0.24294	0.25717	0.25665	0.24324	3872387
All	Gm_238	Improved	0.24794	0.25241	0.25180	0.24785	4699559
All	Gm_239	Improved	0.24799	0.25226	0.25180	0.24795	4828049
All	Gm_240	Improved	0.24718	0.25277	0.25239	0.24766	4416880
All	Gm_241	Landrace	0.24439	0.25549	0.25502	0.24510	3932806
All	Gm_242	Wild	0.21935	0.28118	0.28028	0.21919	4673797
All	Gm_243	Landrace	0.24684	0.25325	0.25268	0.24722	4816741
All	Gm_244	Wild	0.21985	0.28064	0.27985	0.21965	4137395
All	Gm_245	Landrace	0.24855	0.25147	0.25101	0.24897	4751633
All	Gm_246	Landrace	0.24629	0.25368	0.25310	0.24693	4802227
All	Gm_247	Improved	0.24833	0.25180	0.25116	0.24871	4752537
All	Gm_248	Wild	0.22512	0.27514	0.27455	0.22518	4691767
All	Gm_249	Improved	0.24665	0.25344	0.25316	0.24676	4330760
All	Gm_250	Landrace	0.24387	0.25644	0.25541	0.24429	3727996
All	Gm_251	Landrace	0.24592	0.25435	0.25379	0.24594	4429503
All	Gm_252	Wild	0.22766	0.27301	0.27202	0.22731	4704337
All	Gm_253	Landrace	0.24205	0.25796	0.25734	0.24265	3889229
All	Gm_254	Improved	0.24792	0.25223	0.25154	0.24830	4750423
All	Gm_255	Landrace	0.24799	0.25207	0.25172	0.24822	4789709
All	Gm_256	Landrace	0.24569	0.25432	0.25384	0.24614	4769157
All	Gm_257	Wild	0.23105	0.26914	0.26868	0.23113	4619464
All	Gm_258	Landrace	0.24718	0.25308	0.25244	0.24731	4662682
All	Gm_259	Wild	0.22615	0.27430	0.27342	0.22613	4692421
All	Gm_260	Landrace	0.24330	0.25688	0.25608	0.24374	3911460
All	Gm_261	Landrace	0.24221	0.25776	0.25731	0.24271	3590454
All	Gm_262	Improved	0.24707	0.25345	0.25264	0.24684	4820242
All	Gm_263	Wild	0.22671	0.27367	0.27302	0.22660	4645324
All	Gm_264	Improved	0.24813	0.25215	0.25167	0.24805	4818204
All	Gm_265	Landrace	0.24699	0.25299	0.25247	0.24755	4770896
All	Gm_266	Wild	0.22923	0.27126	0.27054	0.22897	4528006
All	Gm_267	Improved	0.24593	0.25451	0.25364	0.24592	4475481
All	Gm_268	Improved	0.24349	0.25647	0.25592	0.24411	3784148
All	Gm_269	Improved	0.24665	0.25381	0.25310	0.24644	4830817
All	Gm_270	Improved	0.24688	0.25331	0.25276	0.24704	4381321
All	Gm_271	Improved	0.24728	0.25315	0.25243	0.24714	4820099
All	Gm_272	Wild	0.22609	0.27448	0.27365	0.22579	4685463
All	Gm_273	Improved	0.24702	0.25305	0.25275	0.24718	4610631
All	Gm_274	Improved	0.24837	0.25159	0.25128	0.24875	4792431
All	Gm_275	Improved	0.24782	0.25235	0.25197	0.24786	4751613
All	Gm_276	Landrace	0.24784	0.25224	0.25187	0.24804	4804829
All	Gm_277	Improved	0.24822	0.25203	0.25143	0.24833	4783794
All	Gm_278	Improved	0.24856	0.25155	0.25106	0.24884	4821210
All	Gm_279	Wild	0.22743	0.27287	0.27212	0.22758	4650740
All	Gm_280	Improved	0.24638	0.25381	0.25332	0.24649	4327943
All	Gm_281	Improved	0.24750	0.25266	0.25216	0.24768	4760434
All	Gm_282	Improved	0.24871	0.25140	0.25090	0.24899	4786650
All	Gm_283	Wild	0.22708	0.27343	0.27278	0.22671	4700137
All	Gm_284	Landrace	0.24748	0.25256	0.25206	0.24790	4828746
All	Gm_285	Wild	0.22944	0.27069	0.27040	0.22946	4653600
All	Gm_286	Improved	0.24484	0.25524	0.25474	0.24518	4328726
All	Gm_287	Landrace	0.24739	0.25255	0.25228	0.24778	4813743
All	Gm_288	Wild	0.22530	0.27512	0.27440	0.22518	4649299
All	Gm_289	Landrace	0.24466	0.25579	0.25470	0.24486	4235487
All	Gm_290	Improved	0.24558	0.25450	0.25411	0.24581	4099567
All	Gm_291	Landrace	0.24505	0.25494	0.25453	0.24549	3897734
All	Gm_292	Improved	0.24661	0.25386	0.25312	0.24642	4316505
All	Gm_293	Landrace	0.24814	0.25208	0.25138	0.24840	4775122
All	Gm_294	Landrace	0.24707	0.25304	0.25243	0.24745	4805442
All	Gm_295	Improved	0.24679	0.25335	0.25274	0.24712	4409964
All	Gm_296	Improved	0.24748	0.25291	0.25224	0.24737	4687996
All	Gm_297	Improved	0.24827	0.25207	0.25159	0.24807	4796857
All	Gm_298	Wild	0.22075	0.27980	0.27903	0.22042	4648332
All	Gm_299	Landrace	0.24612	0.25418	0.25356	0.24615	4789053
All	Gm_300	Improved	0.24770	0.25229	0.25174	0.24826	4823779
All	Gm_301	Landrace	0.24695	0.25327	0.25269	0.24708	4252629
All	Gm_302	Landrace	0.24246	0.25763	0.25711	0.24281	3893540
Genic	Gm_1	Wild	0.25340	0.24667	0.24731	0.25262	762806
Genic	Gm_2	Landrace	0.25922	0.24084	0.24256	0.25738	748928
Genic	Gm_3	Improved	0.26197	0.23756	0.23959	0.26088	777455
Genic	Gm_4	Landrace	0.26076	0.23932	0.24075	0.25917	735456
Genic	Gm_5	Landrace	0.25980	0.24019	0.24156	0.25844	611883
Genic	Gm_6	Improved	0.26172	0.23868	0.23930	0.26029	762685
Genic	Gm_7	Landrace	0.26041	0.23952	0.24073	0.25934	700504
Genic	Gm_8	Landrace	0.26116	0.23822	0.24028	0.26034	742158
Genic	Gm_9	Landrace	0.26178	0.23829	0.23942	0.26051	741571
Genic	Gm_10	Landrace	0.26195	0.23759	0.23892	0.26154	775578
Genic	Gm_11	Wild	0.25598	0.24390	0.24498	0.25514	769354
Genic	Gm_12	Improved	0.26101	0.23833	0.24067	0.25998	696429
Genic	Gm_13	Improved	0.26203	0.23798	0.23862	0.26138	768108
Genic	Gm_14	Wild	0.25464	0.24610	0.24636	0.25290	759516
Genic	Gm_15	Improved	0.26169	0.23890	0.23941	0.26000	777429
Genic	Gm_16	Landrace	0.26226	0.23751	0.23902	0.26120	773405
Genic	Gm_17	Wild	0.25221	0.24800	0.24852	0.25127	688771
Genic	Gm_18	Improved	0.26257	0.23797	0.23861	0.26085	761403
Genic	Gm_19	Wild	0.25445	0.24478	0.24668	0.25409	724390
Genic	Gm_20	Improved	0.26249	0.23746	0.23874	0.26132	776931
Genic	Gm_21	Landrace	0.26134	0.23830	0.23977	0.26059	769613
Genic	Gm_22	Landrace	0.26244	0.23701	0.23889	0.26165	774835
Genic	Gm_23	Landrace	0.26153	0.23773	0.24017	0.26057	769285
Genic	Gm_24	Improved	0.26188	0.23816	0.23932	0.26064	774728
Genic	Gm_25	Wild	0.25180	0.24829	0.24897	0.25094	759190
Genic	Gm_26	Improved	0.26198	0.23853	0.23934	0.26014	709534
Genic	Gm_27	Landrace	0.26198	0.23788	0.23976	0.26038	732795
Genic	Gm_28	Landrace	0.26159	0.23799	0.23928	0.26114	768019
Genic	Gm_29	Improved	0.25974	0.24049	0.24102	0.25875	654446
Genic	Gm_30	Improved	0.26076	0.23932	0.24040	0.25952	662659
Genic	Gm_31	Landrace	0.26174	0.23806	0.23976	0.26044	759366
Genic	Gm_32	Landrace	0.26105	0.23844	0.24062	0.25990	707628
Genic	Gm_33	Wild	0.24523	0.25611	0.25493	0.24372	482654
Genic	Gm_34	Improved	0.26162	0.23889	0.23952	0.25998	769002
Genic	Gm_35	Wild	0.25336	0.24696	0.24723	0.25245	765585
Genic	Gm_36	Landrace	0.25996	0.23962	0.24089	0.25953	639790
Genic	Gm_37	Improved	0.26242	0.23767	0.23913	0.26078	777497
Genic	Gm_38	Improved	0.26166	0.23896	0.23949	0.25988	775450
Genic	Gm_39	Improved	0.26116	0.23835	0.23994	0.26056	723568
Genic	Gm_40	Landrace	0.26199	0.23808	0.23928	0.26065	776066
Genic	Gm_41	Landrace	0.26150	0.23827	0.23921	0.26102	777842
Genic	Gm_42	Landrace	0.26095	0.23840	0.24063	0.26002	669480
Genic	Gm_43	Improved	0.25973	0.24061	0.24131	0.25835	634755
Genic	Gm_44	Landrace	0.26138	0.23889	0.23964	0.26009	743830
Genic	Gm_45	Improved	0.26145	0.23864	0.23927	0.26065	744122
Genic	Gm_46	Wild	0.25216	0.24811	0.24851	0.25122	617638
Genic	Gm_47	Improved	0.25985	0.24039	0.24174	0.25802	614819
Genic	Gm_48	Landrace	0.26154	0.23873	0.24004	0.25969	732981
Genic	Gm_49	Landrace	0.26241	0.23760	0.23861	0.26138	777135
Genic	Gm_50	Landrace	0.25994	0.23996	0.24186	0.25825	602740
Genic	Gm_51	Wild	0.25503	0.24542	0.24655	0.25301	767288
Genic	Gm_52	Landrace	0.26131	0.23837	0.24018	0.26014	702092
Genic	Gm_53	Wild	0.25017	0.24967	0.25057	0.24959	602118
Genic	Gm_54	Landrace	0.25971	0.23909	0.24219	0.25901	737213
Genic	Gm_55	Landrace	0.26236	0.23747	0.23903	0.26115	778420
Genic	Gm_56	Improved	0.26188	0.23832	0.23970	0.26010	751416
Genic	Gm_57	Wild	0.25221	0.24795	0.24876	0.25108	725689
Genic	Gm_58	Improved	0.25887	0.24113	0.24271	0.25729	629004
Genic	Gm_59	Landrace	0.26219	0.23793	0.23907	0.26081	772565
Genic	Gm_60	Wild	0.25330	0.24720	0.24753	0.25198	751942
Genic	Gm_61	Improved	0.26267	0.23755	0.23860	0.26119	767749
Genic	Gm_62	Landrace	0.25990	0.24025	0.24138	0.25847	613282
Genic	Gm_63	Improved	0.25821	0.24131	0.24351	0.25697	620784
Genic	Gm_64	Improved	0.26156	0.23898	0.23958	0.25989	767775
Genic	Gm_65	Wild	0.25347	0.24691	0.24668	0.25294	752939
Genic	Gm_66	Landrace	0.26240	0.23824	0.23843	0.26094	769425
Genic	Gm_67	Landrace	0.26280	0.23716	0.23851	0.26153	770622
Genic	Gm_68	Landrace	0.26304	0.23753	0.23807	0.26136	765882
Genic	Gm_69	Improved	0.26225	0.23802	0.23861	0.26111	769221
Genic	Gm_70	Wild	0.24698	0.25324	0.25399	0.24579	566056
Genic	Gm_71	Improved	0.26140	0.23872	0.24044	0.25944	677720
Genic	Gm_72	Landrace	0.26133	0.23840	0.24019	0.26008	771675
Genic	Gm_73	Landrace	0.26220	0.23702	0.23961	0.26117	771836
Genic	Gm_74	Improved	0.26172	0.23852	0.23963	0.26012	705389
Genic	Gm_75	Wild	0.24529	0.25550	0.25529	0.24392	537615
Genic	Gm_76	Improved	0.26216	0.23740	0.23893	0.26150	772166
Genic	Gm_77	Landrace	0.26192	0.23773	0.23931	0.26105	766669
Genic	Gm_78	Landrace	0.26079	0.23889	0.24025	0.26008	761023
Genic	Gm_79	Wild	0.25052	0.24935	0.25043	0.24970	663178
Genic	Gm_80	Improved	0.26236	0.23797	0.23897	0.26070	779575
Genic	Gm_81	Improved	0.26230	0.23832	0.23917	0.26022	737688
Genic	Gm_82	Landrace	0.26257	0.23752	0.23904	0.26088	770995
Genic	Gm_83	Landrace	0.26197	0.23870	0.23920	0.26013	759734
Genic	Gm_84	Improved	0.26157	0.23881	0.23938	0.26023	765796
Genic	Gm_85	Wild	0.25006	0.25062	0.25080	0.24852	640371
Genic	Gm_86	Improved	0.26203	0.23800	0.23869	0.26127	769950
Genic	Gm_87	Landrace	0.25149	0.24901	0.24983	0.24968	473355
Genic	Gm_88	Landrace	0.26041	0.23981	0.24055	0.25923	727762
Genic	Gm_89	Landrace	0.26006	0.24020	0.24066	0.25908	640509
Genic	Gm_90	Wild	0.25334	0.24716	0.24756	0.25194	768234
Genic	Gm_91	Landrace	0.26227	0.23747	0.23915	0.26111	772085
Genic	Gm_92	Improved	0.26026	0.24050	0.24061	0.25863	658218
Genic	Gm_93	Improved	0.26201	0.23853	0.23914	0.26032	756855
Genic	Gm_94	Improved	0.26204	0.23818	0.23899	0.26079	753318
Genic	Gm_95	Landrace	0.26215	0.23784	0.23923	0.26078	749202
Genic	Gm_96	Wild	0.25393	0.24666	0.24667	0.25275	770403
Genic	Gm_97	Landrace	0.26263	0.23766	0.23887	0.26084	750222
Genic	Gm_98	Landrace	0.26227	0.23786	0.23903	0.26085	776031
Genic	Gm_99	Landrace	0.26185	0.23799	0.23933	0.26083	772713
Genic	Gm_100	Improved	0.26271	0.23815	0.23880	0.26034	776528
Genic	Gm_101	Landrace	0.25996	0.24004	0.24170	0.25830	603259
Genic	Gm_102	Wild	0.25358	0.24622	0.24720	0.25299	765478
Genic	Gm_103	Improved	0.26209	0.23797	0.23965	0.26030	730597
Genic	Gm_104	Wild	0.25205	0.24780	0.24899	0.25116	764928
Genic	Gm_105	Improved	0.26206	0.23855	0.23964	0.25974	699210
Genic	Gm_106	Improved	0.26183	0.23813	0.23911	0.26093	752279
Genic	Gm_107	Wild	0.25543	0.24516	0.24564	0.25378	769459
Genic	Gm_108	Improved	0.26095	0.23869	0.24073	0.25964	677443
Genic	Gm_109	Landrace	0.26153	0.23835	0.23953	0.26059	758426
Genic	Gm_110	Landrace	0.26255	0.23789	0.23905	0.26052	761169
Genic	Gm_111	Wild	0.24854	0.25083	0.25145	0.24918	541588
Genic	Gm_112	Landrace	0.26123	0.23938	0.24021	0.25918	731786
Genic	Gm_113	Improved	0.26101	0.23846	0.24009	0.26045	718953
Genic	Gm_114	Wild	0.25331	0.24732	0.24762	0.25176	724230
Genic	Gm_115	Landrace	0.25948	0.24010	0.24190	0.25852	704665
Genic	Gm_116	Landrace	0.26248	0.23739	0.23862	0.26151	773240
Genic	Gm_117	Improved	0.26216	0.23805	0.23889	0.26090	773318
Genic	Gm_118	Improved	0.26207	0.23810	0.23860	0.26123	771724
Genic	Gm_119	Improved	0.26239	0.23785	0.23907	0.26070	777966
Genic	Gm_120	Improved	0.26167	0.23850	0.23972	0.26011	773033
Genic	Gm_121	Improved	0.26239	0.23754	0.23904	0.26103	774891
Genic	Gm_122	Landrace	0.26242	0.23731	0.23912	0.26115	775833
Genic	Gm_123	Improved	0.26112	0.23899	0.23989	0.26000	749724
Genic	Gm_124	Wild	0.25430	0.24663	0.24660	0.25248	767570
Genic	Gm_125	Landrace	0.26198	0.23797	0.23909	0.26097	766445
Genic	Gm_126	Landrace	0.26225	0.23795	0.23909	0.26071	771496
Genic	Gm_127	Landrace	0.26224	0.23773	0.23861	0.26142	778319
Genic	Gm_128	Landrace	0.26219	0.23809	0.23910	0.26062	771982
Genic	Gm_129	Wild	0.25366	0.24722	0.24707	0.25205	765743
Genic	Gm_130	Landrace	0.26256	0.23803	0.23880	0.26061	772481
Genic	Gm_131	Wild	0.25279	0.24785	0.24843	0.25093	717550
Genic	Gm_132	Improved	0.26166	0.23819	0.23931	0.26084	766130
Genic	Gm_133	Improved	0.26218	0.23796	0.23835	0.26151	762725
Genic	Gm_134	Wild	0.25532	0.24527	0.24561	0.25380	765904
Genic	Gm_135	Improved	0.26253	0.23714	0.23868	0.26165	771333
Genic	Gm_136	Improved	0.26220	0.23758	0.23906	0.26117	769539
Genic	Gm_137	Landrace	0.26243	0.23810	0.23875	0.26072	777770
Genic	Gm_138	Wild	0.25378	0.24705	0.24690	0.25228	764938
Genic	Gm_139	Improved	0.26087	0.23898	0.24074	0.25940	627656
Genic	Gm_140	Landrace	0.26210	0.23768	0.23903	0.26119	768385
Genic	Gm_141	Wild	0.24839	0.25191	0.25173	0.24797	517487
Genic	Gm_142	Landrace	0.25738	0.24207	0.24452	0.25603	607900
Genic	Gm_143	Landrace	0.26252	0.23758	0.23891	0.26099	774660
Genic	Gm_144	Improved	0.26172	0.23851	0.23966	0.26011	776489
Genic	Gm_145	Wild	0.25102	0.24904	0.24910	0.25083	767566
Genic	Gm_146	Landrace	0.26056	0.23951	0.24040	0.25952	739275
Genic	Gm_147	Improved	0.26114	0.23922	0.24007	0.25957	779131
Genic	Gm_148	Improved	0.26198	0.23799	0.23862	0.26142	777602
Genic	Gm_149	Improved	0.26127	0.23921	0.24005	0.25947	647034
Genic	Gm_150	Landrace	0.26001	0.24012	0.24091	0.25897	710070
Genic	Gm_151	Landrace	0.26098	0.23896	0.24002	0.26004	670068
Genic	Gm_152	Wild	0.25410	0.24693	0.24652	0.25245	766486
Genic	Gm_153	Landrace	0.26214	0.23780	0.23935	0.26071	773366
Genic	Gm_154	Landrace	0.26247	0.23771	0.23901	0.26081	774897
Genic	Gm_155	Landrace	0.26251	0.23739	0.23886	0.26124	774119
Genic	Gm_156	Landrace	0.26146	0.23861	0.23986	0.26006	700622
Genic	Gm_157	Landrace	0.26017	0.24042	0.24108	0.25833	718850
Genic	Gm_158	Landrace	0.26141	0.23837	0.23948	0.26073	775679
Genic	Gm_159	Improved	0.26282	0.23746	0.23878	0.26093	769544
Genic	Gm_160	Landrace	0.26102	0.23842	0.23984	0.26071	747372
Genic	Gm_161	Wild	0.25352	0.24685	0.24723	0.25240	766336
Genic	Gm_162	Improved	0.26069	0.23912	0.24051	0.25968	731620
Genic	Gm_163	Landrace	0.26225	0.23751	0.23873	0.26152	754792
Genic	Gm_164	Wild	0.24669	0.25405	0.25416	0.24511	485678
Genic	Gm_165	Landrace	0.26113	0.23872	0.24003	0.26011	764387
Genic	Gm_166	Wild	0.25009	0.25004	0.25134	0.24853	628696
Genic	Gm_167	Improved	0.26166	0.23829	0.23900	0.26105	741588
Genic	Gm_168	Landrace	0.26108	0.23909	0.23999	0.25984	724674
Genic	Gm_169	Landrace	0.26261	0.23783	0.23923	0.26033	769793
Genic	Gm_170	Improved	0.26230	0.23755	0.23910	0.26105	769699
Genic	Gm_171	Wild	0.25130	0.24900	0.24965	0.25005	589308
Genic	Gm_172	Landrace	0.25827	0.24185	0.24302	0.25686	636189
Genic	Gm_173	Landrace	0.25688	0.24307	0.24452	0.25553	591291
Genic	Gm_174	Wild	0.25138	0.24896	0.24994	0.24971	755376
Genic	Gm_175	Landrace	0.25845	0.24113	0.24301	0.25740	690435
Genic	Gm_176	Landrace	0.26084	0.23933	0.23997	0.25986	747262
Genic	Gm_177	Improved	0.26137	0.23915	0.23972	0.25976	760776
Genic	Gm_178	Landrace	0.26191	0.23794	0.23911	0.26105	778157
Genic	Gm_179	Landrace	0.25902	0.24076	0.24194	0.25828	704615
Genic	Gm_180	Landrace	0.26217	0.23802	0.23887	0.26094	777250
Genic	Gm_181	Improved	0.26220	0.23756	0.23881	0.26143	753277
Genic	Gm_182	Improved	0.26178	0.23811	0.23949	0.26062	742396
Genic	Gm_183	Landrace	0.26149	0.23807	0.23944	0.26099	775673
Genic	Gm_184	Improved	0.26206	0.23771	0.23947	0.26076	769355
Genic	Gm_185	Landrace	0.26210	0.23827	0.23923	0.26040	778100
Genic	Gm_186	Improved	0.26202	0.23754	0.23864	0.26180	776267
Genic	Gm_187	Landrace	0.26110	0.23879	0.23983	0.26027	710493
Genic	Gm_188	Landrace	0.26243	0.23811	0.23860	0.26085	777947
Genic	Gm_189	Improved	0.26043	0.24010	0.24113	0.25834	622480
Genic	Gm_190	Improved	0.26203	0.23808	0.23858	0.26131	779288
Genic	Gm_191	Landrace	0.26188	0.23822	0.23938	0.26053	771919
Genic	Gm_192	Landrace	0.26248	0.23771	0.23863	0.26118	776595
Genic	Gm_193	Wild	0.24714	0.25326	0.25351	0.24609	560278
Genic	Gm_194	Landrace	0.26232	0.23735	0.23916	0.26117	774690
Genic	Gm_195	Wild	0.25167	0.24839	0.24907	0.25086	684826
Genic	Gm_196	Improved	0.25986	0.24000	0.24111	0.25903	606636
Genic	Gm_197	Landrace	0.26141	0.23866	0.23977	0.26015	743628
Genic	Gm_198	Wild	0.25361	0.24699	0.24717	0.25224	758481
Genic	Gm_199	Improved	0.26115	0.23831	0.23968	0.26087	761450
Genic	Gm_200	Improved	0.26145	0.23826	0.23941	0.26088	777171
Genic	Gm_201	Wild	0.25375	0.24699	0.24698	0.25228	766056
Genic	Gm_202	Improved	0.26213	0.23769	0.23921	0.26097	753438
Genic	Gm_203	Landrace	0.25853	0.24153	0.24220	0.25774	680019
Genic	Gm_204	Improved	0.26221	0.23750	0.23910	0.26119	773955
Genic	Gm_205	Wild	0.25397	0.24678	0.24745	0.25179	760498
Genic	Gm_206	Improved	0.26135	0.23880	0.23939	0.26047	708582
Genic	Gm_207	Landrace	0.25991	0.23899	0.24119	0.25991	687750
Genic	Gm_208	Landrace	0.26158	0.23803	0.23946	0.26092	772824
Genic	Gm_209	Improved	0.26200	0.23798	0.23866	0.26136	774767
Genic	Gm_210	Improved	0.26228	0.23830	0.23924	0.26018	746874
Genic	Gm_211	Improved	0.26192	0.23755	0.23947	0.26106	770093
Genic	Gm_212	Improved	0.26188	0.23796	0.23915	0.26101	767069
Genic	Gm_213	Landrace	0.26182	0.23779	0.23946	0.26092	765435
Genic	Gm_214	Landrace	0.26199	0.23784	0.23920	0.26097	772087
Genic	Gm_215	Improved	0.26249	0.23774	0.23887	0.26089	772152
Genic	Gm_216	Wild	0.25310	0.24798	0.24754	0.25138	755376
Genic	Gm_217	Landrace	0.26206	0.23747	0.23917	0.26130	760480
Genic	Gm_218	Landrace	0.26164	0.23797	0.23916	0.26124	775307
Genic	Gm_219	Landrace	0.26147	0.23859	0.23979	0.26015	742720
Genic	Gm_220	Landrace	0.26123	0.23826	0.23925	0.26126	775319
Genic	Gm_221	Landrace	0.26234	0.23766	0.23846	0.26154	779978
Genic	Gm_222	Improved	0.26125	0.23834	0.23972	0.26069	708383
Genic	Gm_223	Landrace	0.26199	0.23773	0.23905	0.26124	772873
Genic	Gm_224	Improved	0.26266	0.23789	0.23887	0.26058	774328
Genic	Gm_225	Landrace	0.26201	0.23756	0.23934	0.26108	768252
Genic	Gm_226	Wild	0.24646	0.25304	0.25480	0.24570	552299
Genic	Gm_227	Landrace	0.26111	0.23924	0.24000	0.25965	720775
Genic	Gm_228	Landrace	0.26216	0.23743	0.23905	0.26136	775606
Genic	Gm_229	Wild	0.25340	0.24762	0.24750	0.25148	768906
Genic	Gm_230	Improved	0.26087	0.23947	0.24044	0.25922	697991
Genic	Gm_231	Landrace	0.26009	0.23983	0.24130	0.25879	696497
Genic	Gm_232	Landrace	0.26218	0.23832	0.23936	0.26014	774991
Genic	Gm_233	Wild	0.25278	0.24810	0.24769	0.25143	707102
Genic	Gm_234	Landrace	0.26183	0.23754	0.23939	0.26123	770169
Genic	Gm_235	Improved	0.26192	0.23857	0.23970	0.25981	777809
Genic	Gm_236	Wild	0.25490	0.24500	0.24588	0.25422	767194
Genic	Gm_237	Improved	0.25894	0.24105	0.24255	0.25745	602979
Genic	Gm_238	Improved	0.26187	0.23820	0.23915	0.26079	761872
Genic	Gm_239	Improved	0.26189	0.23804	0.23947	0.26060	777600
Genic	Gm_240	Improved	0.26185	0.23770	0.23955	0.26089	743194
Genic	Gm_241	Landrace	0.25964	0.24021	0.24158	0.25857	624231
Genic	Gm_242	Wild	0.25080	0.24934	0.24962	0.25024	766298
Genic	Gm_243	Landrace	0.26193	0.23795	0.23939	0.26073	776781
Genic	Gm_244	Wild	0.25028	0.24991	0.24984	0.24997	665901
Genic	Gm_245	Landrace	0.26307	0.23679	0.23851	0.26163	769449
Genic	Gm_246	Landrace	0.26132	0.23806	0.23958	0.26105	775212
Genic	Gm_247	Improved	0.26197	0.23782	0.23887	0.26133	764831
Genic	Gm_248	Wild	0.25316	0.24757	0.24727	0.25200	765570
Genic	Gm_249	Improved	0.26148	0.23857	0.23989	0.26005	693001
Genic	Gm_250	Landrace	0.25920	0.24016	0.24185	0.25879	658723
Genic	Gm_251	Landrace	0.26147	0.23889	0.23993	0.25971	715462
Genic	Gm_252	Wild	0.25344	0.24692	0.24714	0.25251	766568
Genic	Gm_253	Landrace	0.25924	0.24047	0.24159	0.25871	609755
Genic	Gm_254	Improved	0.26251	0.23766	0.23876	0.26107	766569
Genic	Gm_255	Landrace	0.26259	0.23747	0.23883	0.26111	774956
Genic	Gm_256	Landrace	0.26158	0.23817	0.23968	0.26057	771805
Genic	Gm_257	Wild	0.25608	0.24359	0.24492	0.25540	755439
Genic	Gm_258	Landrace	0.26259	0.23750	0.23916	0.26076	761186
Genic	Gm_259	Wild	0.25344	0.24746	0.24744	0.25166	764879
Genic	Gm_260	Landrace	0.26016	0.24015	0.24155	0.25815	682256
Genic	Gm_261	Landrace	0.25926	0.24050	0.24270	0.25753	562169
Genic	Gm_262	Improved	0.26163	0.23906	0.23936	0.25995	775382
Genic	Gm_263	Wild	0.25353	0.24685	0.24699	0.25263	754622
Genic	Gm_264	Improved	0.26212	0.23742	0.23934	0.26112	777065
Genic	Gm_265	Landrace	0.26161	0.23781	0.23964	0.26094	768294
Genic	Gm_266	Wild	0.25464	0.24535	0.24647	0.25354	747610
Genic	Gm_267	Improved	0.26124	0.23862	0.24007	0.26007	716601
Genic	Gm_268	Improved	0.25968	0.24055	0.24134	0.25843	667237
Genic	Gm_269	Improved	0.26118	0.23917	0.24003	0.25962	775188
Genic	Gm_270	Improved	0.26100	0.23935	0.24013	0.25952	681314
Genic	Gm_271	Improved	0.26151	0.23880	0.23954	0.26015	772797
Genic	Gm_272	Wild	0.25409	0.24679	0.24679	0.25233	764853
Genic	Gm_273	Improved	0.26143	0.23854	0.23974	0.26029	746550
Genic	Gm_274	Improved	0.26271	0.23776	0.23854	0.26100	774020
Genic	Gm_275	Improved	0.26146	0.23799	0.23965	0.26091	765143
Genic	Gm_276	Landrace	0.26196	0.23841	0.23928	0.26034	775748
Genic	Gm_277	Improved	0.26170	0.23790	0.23938	0.26101	771803
Genic	Gm_278	Improved	0.26222	0.23790	0.23892	0.26097	776559
Genic	Gm_279	Wild	0.25302	0.24659	0.24765	0.25273	756818
Genic	Gm_280	Improved	0.26086	0.23928	0.23980	0.26005	717718
Genic	Gm_281	Improved	0.26229	0.23810	0.23908	0.26054	764126
Genic	Gm_282	Improved	0.26199	0.23808	0.23874	0.26119	770768
Genic	Gm_283	Wild	0.25345	0.24704	0.24747	0.25204	766155
Genic	Gm_284	Landrace	0.26257	0.23715	0.23895	0.26133	777077
Genic	Gm_285	Wild	0.25505	0.24535	0.24610	0.25350	760541
Genic	Gm_286	Improved	0.26019	0.23984	0.24069	0.25928	687486
Genic	Gm_287	Landrace	0.26210	0.23785	0.23901	0.26105	776581
Genic	Gm_288	Wild	0.25310	0.24769	0.24800	0.25121	758430
Genic	Gm_289	Landrace	0.26119	0.23926	0.24014	0.25941	729016
Genic	Gm_290	Improved	0.26080	0.23947	0.24016	0.25957	662118
Genic	Gm_291	Landrace	0.26132	0.23881	0.24040	0.25947	643292
Genic	Gm_292	Improved	0.26273	0.23805	0.23905	0.26018	729430
Genic	Gm_293	Landrace	0.26231	0.23794	0.23877	0.26098	769491
Genic	Gm_294	Landrace	0.26207	0.23828	0.23880	0.26085	776142
Genic	Gm_295	Improved	0.26126	0.23893	0.23994	0.25987	707991
Genic	Gm_296	Improved	0.26283	0.23774	0.23885	0.26058	763656
Genic	Gm_297	Improved	0.26263	0.23730	0.23907	0.26100	774505
Genic	Gm_298	Wild	0.25122	0.24937	0.24915	0.25026	761160
Genic	Gm_299	Landrace	0.26150	0.23797	0.23981	0.26072	773690
Genic	Gm_300	Improved	0.26238	0.23784	0.23855	0.26124	777850
Genic	Gm_301	Landrace	0.26202	0.23854	0.23944	0.26000	710197
Genic	Gm_302	Landrace	0.25933	0.24077	0.24127	0.25863	611864
Nongenic	Gm_1	Wild	0.22017	0.28047	0.27961	0.21975	3876021
Nongenic	Gm_2	Landrace	0.23698	0.26322	0.26222	0.23757	3862464
Nongenic	Gm_3	Improved	0.24501	0.25531	0.25437	0.24531	4054534
Nongenic	Gm_4	Landrace	0.23972	0.26034	0.25966	0.24027	3619686
Nongenic	Gm_5	Landrace	0.24068	0.25958	0.25846	0.24128	3397700
Nongenic	Gm_6	Improved	0.24489	0.25537	0.25467	0.24507	3960480
Nongenic	Gm_7	Landrace	0.24066	0.25958	0.25828	0.24148	3356756
Nongenic	Gm_8	Landrace	0.24187	0.25857	0.25741	0.24215	3611625
Nongenic	Gm_9	Landrace	0.24228	0.25786	0.25707	0.24279	3761962
Nongenic	Gm_10	Landrace	0.24561	0.25461	0.25355	0.24622	4036289
Nongenic	Gm_11	Wild	0.22875	0.27179	0.27072	0.22874	3944996
Nongenic	Gm_12	Improved	0.24330	0.25696	0.25602	0.24373	3607800
Nongenic	Gm_13	Improved	0.24602	0.25393	0.25333	0.24672	3945409
Nongenic	Gm_14	Wild	0.22574	0.27488	0.27356	0.22582	3912255
Nongenic	Gm_15	Improved	0.24471	0.25560	0.25470	0.24499	4053876
Nongenic	Gm_16	Landrace	0.24526	0.25483	0.25398	0.24594	4026097
Nongenic	Gm_17	Wild	0.21783	0.28309	0.28154	0.21753	3533510
Nongenic	Gm_18	Improved	0.24540	0.25459	0.25396	0.24606	3957451
Nongenic	Gm_19	Wild	0.22386	0.27691	0.27554	0.22370	3573300
Nongenic	Gm_20	Improved	0.24493	0.25521	0.25437	0.24549	4050072
Nongenic	Gm_21	Landrace	0.24394	0.25668	0.25543	0.24395	3961250
Nongenic	Gm_22	Landrace	0.24554	0.25465	0.25372	0.24610	4036207
Nongenic	Gm_23	Landrace	0.24284	0.25742	0.25650	0.24324	3984937
Nongenic	Gm_24	Improved	0.24514	0.25514	0.25445	0.24527	4036153
Nongenic	Gm_25	Wild	0.21590	0.28456	0.28372	0.21583	3878951
Nongenic	Gm_26	Improved	0.24376	0.25653	0.25560	0.24411	3732443
Nongenic	Gm_27	Landrace	0.24310	0.25731	0.25598	0.24361	3657201
Nongenic	Gm_28	Landrace	0.24390	0.25624	0.25540	0.24446	3979087
Nongenic	Gm_29	Improved	0.24228	0.25794	0.25708	0.24271	3461687
Nongenic	Gm_30	Improved	0.24349	0.25644	0.25566	0.24441	3591482
Nongenic	Gm_31	Landrace	0.24385	0.25643	0.25553	0.24419	3858464
Nongenic	Gm_32	Landrace	0.24206	0.25795	0.25710	0.24289	3428377
Nongenic	Gm_33	Wild	0.20578	0.29484	0.29371	0.20567	2563208
Nongenic	Gm_34	Improved	0.24442	0.25579	0.25494	0.24485	3972382
Nongenic	Gm_35	Wild	0.21962	0.28087	0.27995	0.21956	3917095
Nongenic	Gm_36	Landrace	0.24115	0.25929	0.25807	0.24149	3311939
Nongenic	Gm_37	Improved	0.24505	0.25532	0.25430	0.24533	4044384
Nongenic	Gm_38	Improved	0.24461	0.25567	0.25486	0.24486	4033956
Nongenic	Gm_39	Improved	0.24356	0.25658	0.25574	0.24412	3762846
Nongenic	Gm_40	Landrace	0.24416	0.25616	0.25522	0.24445	4038073
Nongenic	Gm_41	Landrace	0.24438	0.25589	0.25484	0.24490	4059476
Nongenic	Gm_42	Landrace	0.24383	0.25649	0.25543	0.24425	3392805
Nongenic	Gm_43	Improved	0.23872	0.26146	0.26020	0.23962	2950345
Nongenic	Gm_44	Landrace	0.24208	0.25791	0.25710	0.24292	3764427
Nongenic	Gm_45	Improved	0.24413	0.25589	0.25531	0.24467	3741935
Nongenic	Gm_46	Wild	0.22197	0.27874	0.27738	0.22192	3254443
Nongenic	Gm_47	Improved	0.24094	0.25948	0.25859	0.24099	3203210
Nongenic	Gm_48	Landrace	0.24350	0.25659	0.25581	0.24409	3855383
Nongenic	Gm_49	Landrace	0.24520	0.25489	0.25400	0.24591	4052652
Nongenic	Gm_50	Landrace	0.24093	0.25921	0.25817	0.24170	3314821
Nongenic	Gm_51	Wild	0.22482	0.27580	0.27452	0.22486	3943519
Nongenic	Gm_52	Landrace	0.24238	0.25807	0.25680	0.24276	3665585
Nongenic	Gm_53	Wild	0.21602	0.28453	0.28315	0.21631	3223391
Nongenic	Gm_54	Landrace	0.23687	0.26313	0.26263	0.23738	3755951
Nongenic	Gm_55	Landrace	0.24576	0.25431	0.25346	0.24647	4052703
Nongenic	Gm_56	Improved	0.24489	0.25562	0.25451	0.24498	3919765
Nongenic	Gm_57	Wild	0.22004	0.28091	0.27960	0.21944	3751390
Nongenic	Gm_58	Improved	0.23876	0.26158	0.26029	0.23937	2962281
Nongenic	Gm_59	Landrace	0.24416	0.25603	0.25523	0.24457	4008089
Nongenic	Gm_60	Wild	0.22166	0.27888	0.27802	0.22144	3854957
Nongenic	Gm_61	Improved	0.24526	0.25477	0.25405	0.24592	4012665
Nongenic	Gm_62	Landrace	0.24087	0.25950	0.25819	0.24145	3405887
Nongenic	Gm_63	Improved	0.23800	0.26215	0.26143	0.23843	3328138
Nongenic	Gm_64	Improved	0.24456	0.25574	0.25485	0.24486	4021846
Nongenic	Gm_65	Wild	0.21962	0.28065	0.27995	0.21978	3847940
