Category	Strain	Group	A	C	G	T	Total
peri	Gm_1	Wild	0.20622	0.29472	0.29267	0.20639	2115737
peri	Gm_2	Landrace	0.23048	0.27031	0.26759	0.23162	2154929
peri	Gm_3	Improved	0.23980	0.26060	0.25843	0.24117	2248359
peri	Gm_4	Landrace	0.23534	0.26524	0.26291	0.23651	2101026
peri	Gm_5	Landrace	0.23639	0.26404	0.26165	0.23792	1991852
peri	Gm_6	Improved	0.23988	0.26043	0.25820	0.24150	2183056
peri	Gm_7	Landrace	0.23783	0.26244	0.26000	0.23973	2019539
peri	Gm_8	Landrace	0.23777	0.26289	0.26025	0.23909	2113730
peri	Gm_9	Landrace	0.23777	0.26280	0.26034	0.23909	2099905
peri	Gm_10	Landrace	0.24110	0.25936	0.25694	0.24259	2240657
peri	Gm_11	Wild	0.21960	0.28138	0.27857	0.22045	2177080
peri	Gm_12	Improved	0.23769	0.26290	0.26030	0.23911	1950487
peri	Gm_13	Improved	0.24173	0.25851	0.25661	0.24315	2202555
peri	Gm_14	Wild	0.21660	0.28458	0.28170	0.21712	2172489
peri	Gm_15	Improved	0.23987	0.26070	0.25819	0.24124	2250003
peri	Gm_16	Landrace	0.24031	0.25986	0.25775	0.24208	2227524
peri	Gm_17	Wild	0.20592	0.29545	0.29260	0.20603	1943529
peri	Gm_18	Improved	0.24052	0.25966	0.25750	0.24232	2177327
peri	Gm_19	Wild	0.21329	0.28833	0.28519	0.21319	1956135
peri	Gm_20	Improved	0.23950	0.26094	0.25843	0.24113	2244859
peri	Gm_21	Landrace	0.23937	0.26156	0.25882	0.24026	2210661
peri	Gm_22	Landrace	0.24107	0.25902	0.25692	0.24299	2234865
peri	Gm_23	Landrace	0.23687	0.26389	0.26146	0.23777	2194365
peri	Gm_24	Improved	0.24046	0.26000	0.25783	0.24171	2243529
peri	Gm_25	Wild	0.20214	0.29896	0.29664	0.20226	2126200
peri	Gm_26	Improved	0.23839	0.26234	0.25980	0.23947	2056170
peri	Gm_27	Landrace	0.23861	0.26207	0.25943	0.23989	2083250
peri	Gm_28	Landrace	0.23858	0.26175	0.25951	0.24015	2203369
peri	Gm_29	Improved	0.23730	0.26314	0.26071	0.23884	1937592
peri	Gm_30	Improved	0.23922	0.26104	0.25889	0.24086	2039130
peri	Gm_31	Landrace	0.24001	0.26044	0.25818	0.24137	2182652
peri	Gm_32	Landrace	0.23896	0.26138	0.25914	0.24052	2027007
peri	Gm_33	Wild	0.19089	0.31033	0.30772	0.19105	1386540
peri	Gm_34	Improved	0.23969	0.26072	0.25843	0.24116	2218614
peri	Gm_35	Wild	0.20543	0.29545	0.29329	0.20583	2150716
peri	Gm_36	Landrace	0.23550	0.26512	0.26245	0.23693	1835999
peri	Gm_37	Improved	0.24021	0.26030	0.25814	0.24134	2236875
peri	Gm_38	Improved	0.23966	0.26081	0.25848	0.24105	2239732
peri	Gm_39	Improved	0.23886	0.26172	0.25932	0.24009	2105363
peri	Gm_40	Landrace	0.23861	0.26197	0.25952	0.23989	2237192
peri	Gm_41	Landrace	0.23931	0.26104	0.25876	0.24088	2250963
peri	Gm_42	Landrace	0.23977	0.26060	0.25841	0.24122	1943446
peri	Gm_43	Improved	0.23590	0.26432	0.26210	0.23768	1834928
peri	Gm_44	Landrace	0.23830	0.26204	0.25972	0.23994	2120912
peri	Gm_45	Improved	0.24044	0.25984	0.25789	0.24183	2155433
peri	Gm_46	Wild	0.21317	0.28821	0.28518	0.21344	1846557
peri	Gm_47	Improved	0.23544	0.26514	0.26266	0.23675	1770849
peri	Gm_48	Landrace	0.23818	0.26194	0.25972	0.24016	2150795
peri	Gm_49	Landrace	0.24012	0.26030	0.25795	0.24164	2246042
peri	Gm_50	Landrace	0.23697	0.26339	0.26099	0.23865	1915833
peri	Gm_51	Wild	0.21534	0.28585	0.28300	0.21581	2185696
peri	Gm_52	Landrace	0.23760	0.26300	0.26046	0.23895	2098658
peri	Gm_53	Wild	0.20477	0.29657	0.29359	0.20508	1788496
peri	Gm_54	Landrace	0.23011	0.27018	0.26836	0.23135	2124655
peri	Gm_55	Landrace	0.24115	0.25882	0.25687	0.24315	2243390
peri	Gm_56	Improved	0.24038	0.26048	0.25787	0.24127	2189526
peri	Gm_57	Wild	0.20923	0.29220	0.28957	0.20901	2077320
peri	Gm_58	Improved	0.23686	0.26363	0.26118	0.23833	1847472
peri	Gm_59	Landrace	0.23885	0.26130	0.25924	0.24061	2210993
peri	Gm_60	Wild	0.21085	0.29042	0.28789	0.21084	2119757
peri	Gm_61	Improved	0.24022	0.26009	0.25805	0.24165	2221009
peri	Gm_62	Landrace	0.23658	0.26385	0.26147	0.23810	1992997
peri	Gm_63	Improved	0.23169	0.26850	0.26653	0.23328	1848946
peri	Gm_64	Improved	0.23966	0.26077	0.25838	0.24119	2238495
peri	Gm_65	Wild	0.20674	0.29415	0.29201	0.20710	2110148
peri	Gm_66	Landrace	0.23890	0.26157	0.25930	0.24024	2199837
peri	Gm_67	Landrace	0.24060	0.25967	0.25749	0.24223	2204574
peri	Gm_68	Landrace	0.24107	0.25961	0.25708	0.24225	2166927
peri	Gm_69	Improved	0.24052	0.25946	0.25748	0.24254	2209830
peri	Gm_70	Wild	0.19864	0.30301	0.30005	0.19830	1673459
peri	Gm_71	Improved	0.23822	0.26217	0.25990	0.23971	1958736
peri	Gm_72	Landrace	0.23861	0.26196	0.25939	0.24005	2227800
peri	Gm_73	Landrace	0.23893	0.26166	0.25927	0.24014	2217638
peri	Gm_74	Improved	0.23816	0.26173	0.25978	0.24033	1978811
peri	Gm_75	Wild	0.19020	0.31169	0.30853	0.18959	1569518
peri	Gm_76	Improved	0.24100	0.25914	0.25717	0.24269	2235487
peri	Gm_77	Landrace	0.23932	0.26105	0.25888	0.24075	2206449
peri	Gm_78	Landrace	0.23734	0.26320	0.26086	0.23860	2153205
peri	Gm_79	Wild	0.20441	0.29687	0.29430	0.20442	1914027
peri	Gm_80	Improved	0.24136	0.25861	0.25677	0.24326	2253791
peri	Gm_81	Improved	0.23881	0.26116	0.25923	0.24080	2086867
peri	Gm_82	Landrace	0.24048	0.26010	0.25785	0.24157	2219754
peri	Gm_83	Landrace	0.23768	0.26260	0.26043	0.23929	2135629
peri	Gm_84	Improved	0.23954	0.26073	0.25862	0.24111	2215856
peri	Gm_85	Wild	0.20764	0.29333	0.29052	0.20851	1932858
peri	Gm_86	Improved	0.24107	0.25932	0.25716	0.24246	2210845
peri	Gm_87	Landrace	0.21027	0.29070	0.28781	0.21123	1445137
peri	Gm_88	Landrace	0.23635	0.26367	0.26167	0.23831	2098395
peri	Gm_89	Landrace	0.23381	0.26680	0.26408	0.23531	1825693
peri	Gm_90	Wild	0.21092	0.29034	0.28776	0.21098	2176929
peri	Gm_91	Landrace	0.24076	0.25947	0.25747	0.24231	2211944
peri	Gm_92	Improved	0.23760	0.26244	0.26038	0.23957	1887246
peri	Gm_93	Improved	0.24043	0.25984	0.25772	0.24202	2145134
peri	Gm_94	Improved	0.23983	0.26013	0.25807	0.24197	2148146
peri	Gm_95	Landrace	0.23889	0.26167	0.25935	0.24009	2140493
peri	Gm_96	Wild	0.20908	0.29170	0.28974	0.20949	2175632
peri	Gm_97	Landrace	0.24049	0.25995	0.25754	0.24201	2137365
peri	Gm_98	Landrace	0.23900	0.26130	0.25925	0.24045	2238045
peri	Gm_99	Landrace	0.23908	0.26117	0.25892	0.24083	2211660
peri	Gm_100	Improved	0.24103	0.25904	0.25705	0.24288	2235476
peri	Gm_101	Landrace	0.23718	0.26322	0.26083	0.23877	1916348
peri	Gm_102	Wild	0.21259	0.28867	0.28605	0.21268	2167644
peri	Gm_103	Improved	0.24104	0.25928	0.25726	0.24241	2102962
peri	Gm_104	Wild	0.20864	0.29246	0.29009	0.20880	2169501
peri	Gm_105	Improved	0.23845	0.26161	0.25938	0.24056	1985518
peri	Gm_106	Improved	0.24069	0.25962	0.25749	0.24219	2175906
peri	Gm_107	Wild	0.21825	0.28282	0.28014	0.21879	2191045
peri	Gm_108	Improved	0.23735	0.26320	0.26092	0.23853	1975727
peri	Gm_109	Landrace	0.23835	0.26169	0.25978	0.24019	2188321
peri	Gm_110	Landrace	0.23955	0.26150	0.25886	0.24010	2176135
peri	Gm_111	Wild	0.20331	0.29791	0.29526	0.20352	1596805
peri	Gm_112	Landrace	0.23503	0.26590	0.26315	0.23593	2082976
peri	Gm_113	Improved	0.23854	0.26188	0.25962	0.23997	2022796
peri	Gm_114	Wild	0.21180	0.28962	0.28669	0.21188	2138644
peri	Gm_115	Landrace	0.23611	0.26452	0.26187	0.23750	2055160
peri	Gm_116	Landrace	0.24024	0.26055	0.25779	0.24142	2224274
peri	Gm_117	Improved	0.24061	0.25983	0.25760	0.24196	2224276
peri	Gm_118	Improved	0.24083	0.25957	0.25732	0.24228	2190164
peri	Gm_119	Improved	0.24056	0.25984	0.25758	0.24203	2246043
peri	Gm_120	Improved	0.24006	0.26050	0.25819	0.24124	2243240
peri	Gm_121	Improved	0.24048	0.25963	0.25781	0.24208	2227929
peri	Gm_122	Landrace	0.24055	0.25980	0.25773	0.24192	2232233
peri	Gm_123	Improved	0.23911	0.26098	0.25903	0.24087	2165077
peri	Gm_124	Wild	0.20826	0.29241	0.29047	0.20886	2150343
peri	Gm_125	Landrace	0.23837	0.26176	0.25980	0.24007	2191795
peri	Gm_126	Landrace	0.24046	0.25976	0.25777	0.24201	2216944
peri	Gm_127	Landrace	0.24127	0.25914	0.25697	0.24262	2253765
peri	Gm_128	Landrace	0.23869	0.26138	0.25964	0.24030	2208107
peri	Gm_129	Wild	0.21235	0.28883	0.28618	0.21264	2176572
peri	Gm_130	Landrace	0.23881	0.26156	0.25927	0.24036	2219384
peri	Gm_131	Wild	0.20542	0.29573	0.29327	0.20558	1965716
peri	Gm_132	Improved	0.23977	0.26071	0.25823	0.24129	2212551
peri	Gm_133	Improved	0.24194	0.25837	0.25629	0.24339	2179362
peri	Gm_134	Wild	0.21806	0.28299	0.28029	0.21866	2182450
peri	Gm_135	Improved	0.24065	0.25930	0.25729	0.24275	2216518
peri	Gm_136	Improved	0.24027	0.26036	0.25802	0.24136	2230541
peri	Gm_137	Landrace	0.23961	0.26098	0.25864	0.24077	2232483
peri	Gm_138	Wild	0.21257	0.28868	0.28587	0.21289	2168367
peri	Gm_139	Improved	0.23730	0.26273	0.26076	0.23921	1886466
peri	Gm_140	Landrace	0.23830	0.26164	0.25975	0.24030	2207002
peri	Gm_141	Wild	0.20604	0.29529	0.29253	0.20615	1588748
peri	Gm_142	Landrace	0.23371	0.26670	0.26452	0.23507	1878711
peri	Gm_143	Landrace	0.24145	0.25884	0.25676	0.24295	2216111
peri	Gm_144	Improved	0.23904	0.26153	0.25907	0.24035	2243844
peri	Gm_145	Wild	0.20000	0.30073	0.29856	0.20071	2156175
peri	Gm_146	Landrace	0.23443	0.26598	0.26369	0.23590	2125120
peri	Gm_147	Improved	0.23884	0.26187	0.25930	0.23999	2254224
peri	Gm_148	Improved	0.24119	0.25921	0.25703	0.24256	2242742
peri	Gm_149	Improved	0.23795	0.26238	0.25991	0.23976	1923677
peri	Gm_150	Landrace	0.23772	0.26233	0.26016	0.23979	2041456
peri	Gm_151	Landrace	0.23922	0.26128	0.25860	0.24090	1889266
peri	Gm_152	Wild	0.20559	0.29525	0.29329	0.20586	2145894
peri	Gm_153	Landrace	0.23687	0.26329	0.26133	0.23851	2223763
peri	Gm_154	Landrace	0.24068	0.25976	0.25750	0.24206	2235778
peri	Gm_155	Landrace	0.24133	0.25863	0.25674	0.24330	2224616
peri	Gm_156	Landrace	0.23697	0.26344	0.26114	0.23845	1969223
peri	Gm_157	Landrace	0.23291	0.26773	0.26521	0.23415	2104276
peri	Gm_158	Landrace	0.23798	0.26275	0.26008	0.23918	2237695
peri	Gm_159	Improved	0.24084	0.25928	0.25720	0.24267	2218237
peri	Gm_160	Landrace	0.23745	0.26298	0.26069	0.23888	2170444
peri	Gm_161	Wild	0.21101	0.29010	0.28739	0.21150	2169554
peri	Gm_162	Improved	0.23806	0.26243	0.26012	0.23938	2087209
peri	Gm_163	Landrace	0.24018	0.26019	0.25791	0.24172	2174914
peri	Gm_164	Wild	0.18934	0.31226	0.30942	0.18899	1374555
peri	Gm_165	Landrace	0.23672	0.26387	0.26131	0.23810	2198585
peri	Gm_166	Wild	0.20419	0.29701	0.29468	0.20413	1854667
peri	Gm_167	Improved	0.23940	0.26107	0.25858	0.24095	2090650
peri	Gm_168	Landrace	0.23805	0.26207	0.25991	0.23996	2095433
peri	Gm_169	Landrace	0.23972	0.26051	0.25867	0.24109	2211676
peri	Gm_170	Improved	0.24081	0.25940	0.25732	0.24248	2223908
peri	Gm_171	Wild	0.20940	0.29178	0.28892	0.20990	1698026
peri	Gm_172	Landrace	0.23627	0.26420	0.26151	0.23801	1868479
peri	Gm_173	Landrace	0.22946	0.27116	0.26878	0.23060	1693174
peri	Gm_174	Wild	0.19986	0.30123	0.29879	0.20013	2149951
peri	Gm_175	Landrace	0.23174	0.26827	0.26600	0.23399	2007711
peri	Gm_176	Landrace	0.23718	0.26365	0.26072	0.23845	2139871
peri	Gm_177	Improved	0.23974	0.26084	0.25827	0.24115	2206906
peri	Gm_178	Landrace	0.23942	0.26095	0.25865	0.24098	2250406
peri	Gm_179	Landrace	0.23627	0.26428	0.26169	0.23777	2040533
peri	Gm_180	Landrace	0.23911	0.26110	0.25904	0.24075	2228082
peri	Gm_181	Improved	0.24077	0.25923	0.25753	0.24247	2123345
peri	Gm_182	Improved	0.24019	0.26016	0.25797	0.24167	2172924
peri	Gm_183	Landrace	0.23801	0.26228	0.26004	0.23967	2230704
peri	Gm_184	Improved	0.24142	0.25882	0.25671	0.24305	2234633
peri	Gm_185	Landrace	0.24068	0.25946	0.25736	0.24249	2241647
peri	Gm_186	Improved	0.23951	0.26097	0.25845	0.24107	2242176
peri	Gm_187	Landrace	0.23837	0.26210	0.25935	0.24017	2025087
peri	Gm_188	Landrace	0.24080	0.25939	0.25725	0.24256	2237093
peri	Gm_189	Improved	0.23635	0.26419	0.26163	0.23783	1876308
peri	Gm_190	Improved	0.24146	0.25889	0.25681	0.24284	2251399
peri	Gm_191	Landrace	0.23804	0.26221	0.25998	0.23977	2227716
peri	Gm_192	Landrace	0.24114	0.25932	0.25685	0.24269	2244358
peri	Gm_193	Wild	0.19713	0.30444	0.30094	0.19749	1683466
peri	Gm_194	Landrace	0.24021	0.26026	0.25804	0.24149	2224032
peri	Gm_195	Wild	0.20582	0.29562	0.29287	0.20570	1978115
peri	Gm_196	Improved	0.23722	0.26301	0.26065	0.23912	1804575
peri	Gm_197	Landrace	0.23916	0.26129	0.25899	0.24055	2167945
peri	Gm_198	Wild	0.20662	0.29416	0.29235	0.20687	2120626
peri	Gm_199	Improved	0.23950	0.26076	0.25857	0.24117	2197815
peri	Gm_200	Improved	0.23991	0.26046	0.25808	0.24154	2248974
peri	Gm_201	Wild	0.21240	0.28876	0.28614	0.21270	2175208
peri	Gm_202	Improved	0.24028	0.25975	0.25785	0.24211	2139903
peri	Gm_203	Landrace	0.23690	0.26328	0.26114	0.23868	1996085
peri	Gm_204	Improved	0.24033	0.25987	0.25774	0.24207	2226671
peri	Gm_205	Wild	0.21142	0.28952	0.28705	0.21201	2164087
peri	Gm_206	Improved	0.23892	0.26112	0.25894	0.24102	1987799
peri	Gm_207	Landrace	0.23760	0.26258	0.26051	0.23931	1976799
peri	Gm_208	Landrace	0.23929	0.26101	0.25876	0.24093	2231422
peri	Gm_209	Improved	0.24140	0.25887	0.25686	0.24287	2230610
peri	Gm_210	Improved	0.24018	0.26014	0.25808	0.24160	2153120
peri	Gm_211	Improved	0.24082	0.25973	0.25731	0.24214	2201848
peri	Gm_212	Improved	0.23885	0.26167	0.25938	0.24010	2226543
peri	Gm_213	Landrace	0.23930	0.26087	0.25872	0.24111	2213365
peri	Gm_214	Landrace	0.23987	0.26022	0.25819	0.24172	2216104
peri	Gm_215	Improved	0.24043	0.25966	0.25781	0.24211	2210066
peri	Gm_216	Wild	0.20383	0.29730	0.29521	0.20366	2105898
peri	Gm_217	Landrace	0.24024	0.26038	0.25800	0.24139	2154503
peri	Gm_218	Landrace	0.23826	0.26192	0.25974	0.24008	2230747
peri	Gm_219	Landrace	0.23908	0.26139	0.25892	0.24062	2134717
peri	Gm_220	Landrace	0.23872	0.26161	0.25934	0.24033	2233781
peri	Gm_221	Landrace	0.24111	0.25912	0.25706	0.24272	2250201
peri	Gm_222	Improved	0.23840	0.26212	0.25986	0.23962	2014794
peri	Gm_223	Landrace	0.23998	0.26073	0.25844	0.24085	2225140
peri	Gm_224	Improved	0.24029	0.26009	0.25790	0.24172	2227604
peri	Gm_225	Landrace	0.23900	0.26148	0.25923	0.24030	2211606
peri	Gm_226	Wild	0.19664	0.30527	0.30165	0.19645	1694911
peri	Gm_227	Landrace	0.23786	0.26259	0.26012	0.23943	2063855
peri	Gm_228	Landrace	0.24089	0.25926	0.25721	0.24265	2228536
peri	Gm_229	Wild	0.21001	0.29124	0.28859	0.21015	2188465
peri	Gm_230	Improved	0.23867	0.26168	0.25927	0.24038	2017244
peri	Gm_231	Landrace	0.23778	0.26244	0.26026	0.23951	1999216
peri	Gm_232	Landrace	0.23980	0.26079	0.25815	0.24127	2245045
peri	Gm_233	Wild	0.21057	0.29067	0.28778	0.21098	2028806
peri	Gm_234	Landrace	0.24012	0.26037	0.25789	0.24162	2218641
peri	Gm_235	Improved	0.23962	0.26098	0.25858	0.24082	2250735
peri	Gm_236	Wild	0.21600	0.28513	0.28255	0.21632	2189277
peri	Gm_237	Improved	0.23437	0.26609	0.26363	0.23592	1806382
peri	Gm_238	Improved	0.24038	0.26021	0.25783	0.24157	2154650
peri	Gm_239	Improved	0.24009	0.26004	0.25809	0.24178	2243226
peri	Gm_240	Improved	0.24047	0.25973	0.25760	0.24220	2111304
peri	Gm_241	Landrace	0.23672	0.26370	0.26129	0.23829	1836721
peri	Gm_242	Wild	0.19743	0.30363	0.30130	0.19764	2141569
peri	Gm_243	Landrace	0.23843	0.26196	0.25959	0.24002	2238632
peri	Gm_244	Wild	0.19975	0.30119	0.29888	0.20019	1936740
peri	Gm_245	Landrace	0.24096	0.25913	0.25697	0.24294	2192661
peri	Gm_246	Landrace	0.23722	0.26308	0.26086	0.23884	2230005
peri	Gm_247	Improved	0.24153	0.25866	0.25651	0.24330	2221523
peri	Gm_248	Wild	0.20814	0.29274	0.29064	0.20848	2163645
peri	Gm_249	Improved	0.23919	0.26101	0.25931	0.24048	2017061
peri	Gm_250	Landrace	0.23801	0.26235	0.25994	0.23970	1865852
peri	Gm_251	Landrace	0.23762	0.26288	0.26060	0.23890	2037357
peri	Gm_252	Wild	0.21282	0.28844	0.28569	0.21305	2174242
peri	Gm_253	Landrace	0.23350	0.26680	0.26448	0.23522	1844200
peri	Gm_254	Improved	0.24005	0.26022	0.25787	0.24185	2205590
peri	Gm_255	Landrace	0.23994	0.26004	0.25823	0.24179	2218682
peri	Gm_256	Landrace	0.23724	0.26301	0.26095	0.23879	2203750
peri	Gm_257	Wild	0.21440	0.28637	0.28411	0.21513	2137853
peri	Gm_258	Landrace	0.23974	0.26087	0.25844	0.24096	2164895
peri	Gm_259	Wild	0.21010	0.29115	0.28850	0.21025	2166580
peri	Gm_260	Landrace	0.23650	0.26358	0.26145	0.23847	1952620
peri	Gm_261	Landrace	0.23330	0.26703	0.26456	0.23511	1676819
peri	Gm_262	Improved	0.23908	0.26163	0.25923	0.24007	2243153
peri	Gm_263	Wild	0.20975	0.29084	0.28900	0.21041	2150618
peri	Gm_264	Improved	0.24036	0.26001	0.25791	0.24171	2235223
peri	Gm_265	Landrace	0.23930	0.26094	0.25873	0.24102	2219207
peri	Gm_266	Wild	0.21423	0.28685	0.28420	0.21472	2085905
peri	Gm_267	Improved	0.23777	0.26285	0.26026	0.23912	2078436
peri	Gm_268	Improved	0.23770	0.26202	0.26016	0.24012	1941868
peri	Gm_269	Improved	0.23888	0.26172	0.25924	0.24016	2250997
peri	Gm_270	Improved	0.24004	0.26053	0.25812	0.24130	2098507
peri	Gm_271	Improved	0.23959	0.26093	0.25844	0.24105	2248372
peri	Gm_272	Wild	0.20764	0.29364	0.29116	0.20756	2153489
peri	Gm_273	Improved	0.23949	0.26058	0.25851	0.24143	2138491
peri	Gm_274	Improved	0.24106	0.25896	0.25703	0.24295	2228448
peri	Gm_275	Improved	0.24054	0.26001	0.25769	0.24175	2213896
peri	Gm_276	Landrace	0.24041	0.25972	0.25763	0.24224	2225307
peri	Gm_277	Improved	0.24102	0.25947	0.25713	0.24239	2226212
peri	Gm_278	Improved	0.24129	0.25907	0.25677	0.24287	2245149
peri	Gm_279	Wild	0.21271	0.28836	0.28564	0.21329	2136687
peri	Gm_280	Improved	0.23942	0.26109	0.25876	0.24073	2069920
peri	Gm_281	Improved	0.23949	0.26087	0.25859	0.24106	2214471
peri	Gm_282	Improved	0.24155	0.25879	0.25673	0.24292	2224690
peri	Gm_283	Wild	0.21117	0.29015	0.28744	0.21124	2162839
peri	Gm_284	Landrace	0.23922	0.26126	0.25888	0.24065	2243200
peri	Gm_285	Wild	0.21295	0.28726	0.28575	0.21404	2155702
peri	Gm_286	Improved	0.23636	0.26378	0.26183	0.23803	2019143
peri	Gm_287	Landrace	0.23897	0.26095	0.25893	0.24115	2232353
peri	Gm_288	Wild	0.20860	0.29258	0.28987	0.20894	2146913
peri	Gm_289	Landrace	0.23817	0.26225	0.25968	0.23990	2101587
peri	Gm_290	Improved	0.23768	0.26249	0.26048	0.23935	1902218
peri	Gm_291	Landrace	0.23581	0.26451	0.26204	0.23764	1732948
peri	Gm_292	Improved	0.23942	0.26129	0.25877	0.24052	2069741
peri	Gm_293	Landrace	0.24032	0.25997	0.25779	0.24191	2216614
peri	Gm_294	Landrace	0.23942	0.26115	0.25857	0.24086	2228023
peri	Gm_295	Improved	0.23906	0.26097	0.25889	0.24108	2044377
peri	Gm_296	Improved	0.23880	0.26182	0.25938	0.24000	2140762
peri	Gm_297	Improved	0.24042	0.26009	0.25775	0.24174	2225375
peri	Gm_298	Wild	0.20019	0.30103	0.29881	0.19997	2132430
peri	Gm_299	Landrace	0.23724	0.26356	0.26108	0.23812	2223397
peri	Gm_300	Improved	0.24005	0.25993	0.25810	0.24191	2235288
peri	Gm_301	Landrace	0.24019	0.26021	0.25795	0.24165	2022660
peri	Gm_302	Landrace	0.23351	0.26705	0.26455	0.23489	1830537
nonperi	Gm_1	Wild	0.24191	0.25830	0.25890	0.24089	2523090
nonperi	Gm_2	Landrace	0.24947	0.25018	0.25152	0.24883	2456463
nonperi	Gm_3	Improved	0.25464	0.24537	0.24639	0.25360	2583630
nonperi	Gm_4	Landrace	0.25067	0.24892	0.25046	0.24994	2254116
nonperi	Gm_5	Landrace	0.25072	0.24928	0.25020	0.24980	2017731
nonperi	Gm_6	Improved	0.25426	0.24601	0.24702	0.25271	2540109
nonperi	Gm_7	Landrace	0.25025	0.24986	0.25054	0.24936	2037721
nonperi	Gm_8	Landrace	0.25214	0.24775	0.24905	0.25106	2240053
nonperi	Gm_9	Landrace	0.25224	0.24750	0.24877	0.25149	2403628
nonperi	Gm_10	Landrace	0.25446	0.24534	0.24619	0.25401	2571210
nonperi	Gm_11	Wild	0.24485	0.25511	0.25618	0.24386	2537270
nonperi	Gm_12	Improved	0.25319	0.24653	0.24793	0.25236	2353742
nonperi	Gm_13	Improved	0.25468	0.24504	0.24596	0.25433	2510962
nonperi	Gm_14	Wild	0.24246	0.25770	0.25822	0.24162	2499282
nonperi	Gm_15	Improved	0.25404	0.24612	0.24706	0.25279	2581302
nonperi	Gm_16	Landrace	0.25466	0.24526	0.24621	0.25387	2571978
nonperi	Gm_17	Wild	0.23839	0.26194	0.26213	0.23755	2278752
nonperi	Gm_18	Improved	0.25473	0.24527	0.24632	0.25368	2541527
nonperi	Gm_19	Wild	0.24214	0.25743	0.25854	0.24188	2341555
nonperi	Gm_20	Improved	0.25494	0.24488	0.24613	0.25404	2582144
nonperi	Gm_21	Landrace	0.25327	0.24678	0.24768	0.25227	2520202
nonperi	Gm_22	Landrace	0.25450	0.24555	0.24648	0.25347	2576177
nonperi	Gm_23	Landrace	0.25358	0.24595	0.24734	0.25313	2559857
nonperi	Gm_24	Improved	0.25429	0.24576	0.24693	0.25302	2567352
nonperi	Gm_25	Wild	0.23839	0.26140	0.26227	0.23793	2511941
nonperi	Gm_26	Improved	0.25381	0.24618	0.24714	0.25287	2385807
nonperi	Gm_27	Landrace	0.25315	0.24684	0.24771	0.25230	2306746
nonperi	Gm_28	Landrace	0.25384	0.24596	0.24698	0.25323	2543737
nonperi	Gm_29	Improved	0.25195	0.24807	0.24902	0.25097	2178541
nonperi	Gm_30	Improved	0.25259	0.24709	0.24812	0.25220	2215011
nonperi	Gm_31	Landrace	0.25287	0.24711	0.24824	0.25178	2435178
nonperi	Gm_32	Landrace	0.25141	0.24811	0.24961	0.25087	2108998
nonperi	Gm_33	Wild	0.22970	0.27063	0.27072	0.22895	1659322
nonperi	Gm_34	Improved	0.25383	0.24630	0.24717	0.25270	2522770
nonperi	Gm_35	Wild	0.24188	0.25824	0.25872	0.24116	2531964
nonperi	Gm_36	Landrace	0.25175	0.24829	0.24907	0.25089	2115730
nonperi	Gm_37	Improved	0.25445	0.24571	0.24641	0.25343	2585006
nonperi	Gm_38	Improved	0.25406	0.24615	0.24707	0.25272	2569674
nonperi	Gm_39	Improved	0.25307	0.24649	0.24777	0.25267	2381051
nonperi	Gm_40	Landrace	0.25435	0.24567	0.24669	0.25329	2576947
nonperi	Gm_41	Landrace	0.25394	0.24610	0.24672	0.25324	2586355
nonperi	Gm_42	Landrace	0.25296	0.24700	0.24802	0.25201	2118839
nonperi	Gm_43	Improved	0.24929	0.25091	0.25136	0.24844	1750172
nonperi	Gm_44	Landrace	0.25145	0.24831	0.24932	0.25092	2387345
nonperi	Gm_45	Improved	0.25307	0.24673	0.24780	0.25239	2330624
nonperi	Gm_46	Wild	0.23919	0.26077	0.26146	0.23858	2025524
nonperi	Gm_47	Improved	0.25137	0.24884	0.25001	0.24978	2047180
nonperi	Gm_48	Landrace	0.25363	0.24650	0.24762	0.25225	2437569
nonperi	Gm_49	Landrace	0.25480	0.24498	0.24594	0.25428	2583745
nonperi	Gm_50	Landrace	0.25044	0.24941	0.25055	0.24960	2001728
nonperi	Gm_51	Wild	0.24220	0.25788	0.25867	0.24125	2525111
nonperi	Gm_52	Landrace	0.25266	0.24741	0.24827	0.25166	2269019
nonperi	Gm_53	Wild	0.23599	0.26365	0.26435	0.23601	2037013
nonperi	Gm_54	Landrace	0.25004	0.24931	0.25112	0.24952	2368509
nonperi	Gm_55	Landrace	0.25474	0.24533	0.24616	0.25377	2587733
nonperi	Gm_56	Improved	0.25401	0.24610	0.24706	0.25284	2481655
nonperi	Gm_57	Wild	0.23913	0.26117	0.26165	0.23804	2399759
nonperi	Gm_58	Improved	0.24803	0.25203	0.25301	0.24693	1743813
nonperi	Gm_59	Landrace	0.25415	0.24606	0.24693	0.25286	2569661
nonperi	Gm_60	Wild	0.24043	0.25947	0.26039	0.23970	2487142
nonperi	Gm_61	Improved	0.25486	0.24500	0.24595	0.25420	2559405
nonperi	Gm_62	Landrace	0.25085	0.24939	0.24987	0.24989	2026172
nonperi	Gm_63	Improved	0.24953	0.25040	0.25164	0.24844	2099976
nonperi	Gm_64	Improved	0.25397	0.24628	0.24715	0.25260	2551126
nonperi	Gm_65	Wild	0.24077	0.25901	0.25968	0.24055	2490731
nonperi	Gm_66	Landrace	0.25422	0.24590	0.24668	0.25320	2539921
nonperi	Gm_67	Landrace	0.25482	0.24519	0.24610	0.25389	2564607
nonperi	Gm_68	Landrace	0.25448	0.24550	0.24635	0.25367	2513285
nonperi	Gm_69	Improved	0.25418	0.24584	0.24673	0.25324	2520118
nonperi	Gm_70	Wild	0.23182	0.26790	0.26903	0.23125	1912726
nonperi	Gm_71	Improved	0.25311	0.24686	0.24805	0.25198	2276720
nonperi	Gm_72	Landrace	0.25305	0.24681	0.24786	0.25228	2558676
nonperi	Gm_73	Landrace	0.25449	0.24549	0.24631	0.25372	2557836
nonperi	Gm_74	Improved	0.25371	0.24649	0.24735	0.25246	2361738
nonperi	Gm_75	Wild	0.22877	0.27103	0.27203	0.22818	1790939
nonperi	Gm_76	Improved	0.25466	0.24503	0.24624	0.25408	2560768
nonperi	Gm_77	Landrace	0.25330	0.24631	0.24743	0.25295	2519431
nonperi	Gm_78	Landrace	0.25286	0.24671	0.24780	0.25263	2529460
nonperi	Gm_79	Wild	0.23575	0.26402	0.26492	0.23531	2158226
nonperi	Gm_80	Improved	0.25501	0.24500	0.24601	0.25398	2592995
nonperi	Gm_81	Improved	0.25360	0.24621	0.24723	0.25296	2480830
nonperi	Gm_82	Landrace	0.25436	0.24577	0.24671	0.25316	2541991
nonperi	Gm_83	Landrace	0.25288	0.24694	0.24796	0.25223	2485459
nonperi	Gm_84	Improved	0.25431	0.24601	0.24676	0.25292	2529145
nonperi	Gm_85	Wild	0.23538	0.26445	0.26526	0.23491	2114698
nonperi	Gm_86	Improved	0.25487	0.24499	0.24595	0.25419	2560933
nonperi	Gm_87	Landrace	0.23808	0.26153	0.26285	0.23754	1602373
nonperi	Gm_88	Landrace	0.25011	0.25008	0.25072	0.24909	2129746
nonperi	Gm_89	Landrace	0.25072	0.24951	0.25020	0.24957	2135210
nonperi	Gm_90	Wild	0.24049	0.25936	0.26041	0.23975	2547979
nonperi	Gm_91	Landrace	0.25443	0.24563	0.24636	0.25358	2559299
nonperi	Gm_92	Improved	0.24998	0.25005	0.25092	0.24905	1838155
nonperi	Gm_93	Improved	0.25434	0.24587	0.24676	0.25303	2499826
nonperi	Gm_94	Improved	0.25376	0.24628	0.24731	0.25265	2414266
nonperi	Gm_95	Landrace	0.25305	0.24678	0.24757	0.25260	2448618
nonperi	Gm_96	Wild	0.24214	0.25789	0.25837	0.24161	2551401
nonperi	Gm_97	Landrace	0.25336	0.24654	0.24735	0.25275	2445003
nonperi	Gm_98	Landrace	0.25397	0.24584	0.24699	0.25319	2580777
nonperi	Gm_99	Landrace	0.25445	0.24553	0.24636	0.25366	2568180
nonperi	Gm_100	Improved	0.25467	0.24540	0.24635	0.25357	2585052
nonperi	Gm_101	Landrace	0.25047	0.24936	0.25041	0.24976	2005796
nonperi	Gm_102	Wild	0.24139	0.25883	0.25933	0.24045	2532549
nonperi	Gm_103	Improved	0.25420	0.24614	0.24686	0.25280	2438363
nonperi	Gm_104	Wild	0.23927	0.26014	0.26138	0.23921	2531601
nonperi	Gm_105	Improved	0.25369	0.24653	0.24754	0.25224	2353550
nonperi	Gm_106	Improved	0.25442	0.24542	0.24643	0.25373	2480873
nonperi	Gm_107	Wild	0.24321	0.25674	0.25761	0.24244	2544244
nonperi	Gm_108	Improved	0.25290	0.24679	0.24826	0.25205	2282154
nonperi	Gm_109	Landrace	0.25373	0.24623	0.24702	0.25303	2517385
nonperi	Gm_110	Landrace	0.25353	0.24654	0.24761	0.25231	2498663
nonperi	Gm_111	Wild	0.23518	0.26452	0.26536	0.23495	1799136
nonperi	Gm_112	Landrace	0.25043	0.24931	0.25060	0.24965	2205829
nonperi	Gm_113	Improved	0.25271	0.24717	0.24806	0.25205	2245293
nonperi	Gm_114	Wild	0.24044	0.25966	0.26027	0.23963	2388604
nonperi	Gm_115	Landrace	0.24944	0.25085	0.25151	0.24820	2017323
nonperi	Gm_116	Landrace	0.25442	0.24573	0.24624	0.25360	2565327
nonperi	Gm_117	Improved	0.25481	0.24506	0.24620	0.25393	2574065
nonperi	Gm_118	Improved	0.25504	0.24485	0.24579	0.25433	2570482
nonperi	Gm_119	Improved	0.25437	0.24548	0.24659	0.25356	2585370
nonperi	Gm_120	Improved	0.25379	0.24663	0.24730	0.25228	2562945
nonperi	Gm_121	Improved	0.25438	0.24579	0.24652	0.25330	2575029
nonperi	Gm_122	Landrace	0.25461	0.24522	0.24639	0.25378	2577296
nonperi	Gm_123	Improved	0.25324	0.24680	0.24756	0.25239	2442795
nonperi	Gm_124	Wild	0.24206	0.25815	0.25862	0.24117	2536583
nonperi	Gm_125	Landrace	0.25405	0.24606	0.24680	0.25309	2542689
nonperi	Gm_126	Landrace	0.25420	0.24577	0.24661	0.25342	2563506
nonperi	Gm_127	Landrace	0.25506	0.24467	0.24577	0.25450	2579130
nonperi	Gm_128	Landrace	0.25364	0.24636	0.24724	0.25276	2568825
nonperi	Gm_129	Wild	0.24142	0.25903	0.25934	0.24021	2531324
nonperi	Gm_130	Landrace	0.25403	0.24618	0.24707	0.25272	2568606
nonperi	Gm_131	Wild	0.23753	0.26218	0.26296	0.23733	2177467
nonperi	Gm_132	Improved	0.25393	0.24619	0.24695	0.25294	2553809
nonperi	Gm_133	Improved	0.25511	0.24471	0.24574	0.25444	2470104
nonperi	Gm_134	Wild	0.24309	0.25688	0.25773	0.24230	2533952
nonperi	Gm_135	Improved	0.25467	0.24509	0.24613	0.25411	2559430
nonperi	Gm_136	Improved	0.25450	0.24525	0.24639	0.25386	2557218
nonperi	Gm_137	Landrace	0.25467	0.24566	0.24630	0.25337	2589439
nonperi	Gm_138	Wild	0.24150	0.25885	0.25920	0.24045	2527039
nonperi	Gm_139	Improved	0.25216	0.24762	0.24870	0.25152	2106487
nonperi	Gm_140	Landrace	0.25466	0.24531	0.24619	0.25384	2561707
nonperi	Gm_141	Wild	0.23392	0.26641	0.26603	0.23363	1724073
nonperi	Gm_142	Landrace	0.24610	0.25399	0.25507	0.24484	1754334
nonperi	Gm_143	Landrace	0.25437	0.24560	0.24663	0.25340	2575102
nonperi	Gm_144	Improved	0.25416	0.24606	0.24705	0.25272	2581190
nonperi	Gm_145	Wild	0.23694	0.26277	0.26352	0.23677	2541175
nonperi	Gm_146	Landrace	0.25098	0.24877	0.24994	0.25031	2257795
nonperi	Gm_147	Improved	0.25348	0.24684	0.24775	0.25193	2592255
nonperi	Gm_148	Improved	0.25505	0.24480	0.24578	0.25438	2584064
nonperi	Gm_149	Improved	0.25255	0.24760	0.24823	0.25162	2166220
nonperi	Gm_150	Landrace	0.24917	0.25059	0.25139	0.24885	2074575
nonperi	Gm_151	Landrace	0.25064	0.24939	0.25000	0.24998	1947767
nonperi	Gm_152	Wild	0.24145	0.25863	0.25909	0.24083	2516687
nonperi	Gm_153	Landrace	0.25421	0.24573	0.24689	0.25316	2569594
nonperi	Gm_154	Landrace	0.25445	0.24537	0.24656	0.25361	2574207
nonperi	Gm_155	Landrace	0.25482	0.24525	0.24604	0.25388	2574583
nonperi	Gm_156	Landrace	0.25309	0.24646	0.24785	0.25260	2363879
nonperi	Gm_157	Landrace	0.25047	0.24934	0.25036	0.24983	2354284
nonperi	Gm_158	Landrace	0.25377	0.24622	0.24705	0.25296	2573740
nonperi	Gm_159	Improved	0.25450	0.24576	0.24659	0.25314	2524653
nonperi	Gm_160	Landrace	0.25334	0.24671	0.24720	0.25275	2480692
nonperi	Gm_161	Wild	0.24031	0.25943	0.26040	0.23986	2533338
nonperi	Gm_162	Improved	0.25085	0.24917	0.24982	0.25016	2223132
nonperi	Gm_163	Landrace	0.25411	0.24592	0.24661	0.25336	2505295
nonperi	Gm_164	Wild	0.23028	0.26957	0.27065	0.22950	1655302
nonperi	Gm_165	Landrace	0.25308	0.24681	0.24769	0.25242	2540676
nonperi	Gm_166	Wild	0.23577	0.26407	0.26519	0.23497	2106193
nonperi	Gm_167	Improved	0.25426	0.24543	0.24657	0.25374	2479457
nonperi	Gm_168	Landrace	0.25166	0.24861	0.24920	0.25054	2202142
nonperi	Gm_169	Landrace	0.25448	0.24597	0.24654	0.25301	2557118
nonperi	Gm_170	Improved	0.25482	0.24505	0.24632	0.25381	2558439
nonperi	Gm_171	Wild	0.23852	0.26159	0.26253	0.23736	1946577
nonperi	Gm_172	Landrace	0.24784	0.25239	0.25310	0.24667	1687590
nonperi	Gm_173	Landrace	0.24526	0.25431	0.25570	0.24473	1566689
nonperi	Gm_174	Wild	0.23659	0.26324	0.26422	0.23595	2468130
nonperi	Gm_175	Landrace	0.24846	0.25140	0.25264	0.24750	1942109
nonperi	Gm_176	Landrace	0.25249	0.24753	0.24811	0.25186	2378473
nonperi	Gm_177	Improved	0.25374	0.24667	0.24727	0.25232	2519755
nonperi	Gm_178	Landrace	0.25424	0.24569	0.24646	0.25361	2583353
nonperi	Gm_179	Landrace	0.24799	0.25173	0.25291	0.24737	2042143
nonperi	Gm_180	Landrace	0.25387	0.24606	0.24711	0.25296	2582347
nonperi	Gm_181	Improved	0.25425	0.24568	0.24645	0.25362	2407922
nonperi	Gm_182	Improved	0.25418	0.24601	0.24694	0.25287	2455109
nonperi	Gm_183	Landrace	0.25390	0.24592	0.24672	0.25346	2573756
nonperi	Gm_184	Improved	0.25450	0.24583	0.24655	0.25312	2558706
nonperi	Gm_185	Landrace	0.25444	0.24555	0.24683	0.25318	2589322
nonperi	Gm_186	Improved	0.25492	0.24493	0.24590	0.25424	2582016
nonperi	Gm_187	Landrace	0.25344	0.24666	0.24740	0.25250	2243953
nonperi	Gm_188	Landrace	0.25461	0.24555	0.24629	0.25355	2589204
nonperi	Gm_189	Improved	0.25144	0.24862	0.24985	0.25009	2090590
nonperi	Gm_190	Improved	0.25502	0.24482	0.24580	0.25436	2591413
nonperi	Gm_191	Landrace	0.25377	0.24596	0.24713	0.25313	2562521
nonperi	Gm_192	Landrace	0.25484	0.24505	0.24606	0.25405	2581222
nonperi	Gm_193	Wild	0.23123	0.26857	0.26961	0.23059	1873002
nonperi	Gm_194	Landrace	0.25438	0.24571	0.24656	0.25335	2566648
nonperi	Gm_195	Wild	0.23743	0.26284	0.26340	0.23633	2270970
nonperi	Gm_196	Improved	0.25200	0.24800	0.24882	0.25118	2074878
nonperi	Gm_197	Landrace	0.25341	0.24629	0.24733	0.25298	2468064
nonperi	Gm_198	Wild	0.24134	0.25851	0.25938	0.24077	2504992
nonperi	Gm_199	Improved	0.25401	0.24593	0.24689	0.25318	2531626
nonperi	Gm_200	Improved	0.25440	0.24542	0.24649	0.25369	2571809
nonperi	Gm_201	Wild	0.24148	0.25887	0.25930	0.24035	2534657
nonperi	Gm_202	Improved	0.25440	0.24559	0.24640	0.25361	2513710
nonperi	Gm_203	Landrace	0.24852	0.25176	0.25202	0.24770	1887509
nonperi	Gm_204	Improved	0.25447	0.24536	0.24653	0.25364	2566611
nonperi	Gm_205	Wild	0.24081	0.25954	0.26003	0.23963	2522993
nonperi	Gm_206	Improved	0.25178	0.24833	0.24887	0.25102	2136135
nonperi	Gm_207	Landrace	0.25017	0.24930	0.25086	0.24967	1976755
nonperi	Gm_208	Landrace	0.25371	0.24606	0.24701	0.25322	2559401
nonperi	Gm_209	Improved	0.25503	0.24487	0.24580	0.25430	2579125
nonperi	Gm_210	Improved	0.25372	0.24683	0.24712	0.25233	2463088
nonperi	Gm_211	Improved	0.25481	0.24527	0.24644	0.25348	2564536
nonperi	Gm_212	Improved	0.25436	0.24545	0.24633	0.25385	2546595
nonperi	Gm_213	Landrace	0.25326	0.24622	0.24768	0.25284	2486466
nonperi	Gm_214	Landrace	0.25419	0.24566	0.24658	0.25358	2550462
nonperi	Gm_215	Improved	0.25426	0.24590	0.24662	0.25323	2568314
nonperi	Gm_216	Wild	0.24048	0.25981	0.26010	0.23961	2494075
nonperi	Gm_217	Landrace	0.25415	0.24560	0.24655	0.25370	2527875
nonperi	Gm_218	Landrace	0.25424	0.24544	0.24635	0.25397	2571692
nonperi	Gm_219	Landrace	0.25181	0.24819	0.24908	0.25092	2281603
nonperi	Gm_220	Landrace	0.25420	0.24582	0.24661	0.25337	2576956
nonperi	Gm_221	Landrace	0.25519	0.24478	0.24578	0.25425	2595070
nonperi	Gm_222	Improved	0.25182	0.24847	0.24892	0.25079	2087982
nonperi	Gm_223	Landrace	0.25393	0.24610	0.24685	0.25312	2568008
nonperi	Gm_224	Improved	0.25488	0.24547	0.24626	0.25339	2571649
nonperi	Gm_225	Landrace	0.25389	0.24595	0.24706	0.25310	2551308
nonperi	Gm_226	Wild	0.23096	0.26936	0.26979	0.22989	1832720
nonperi	Gm_227	Landrace	0.25088	0.24939	0.25025	0.24948	2171586
nonperi	Gm_228	Landrace	0.25427	0.24551	0.24668	0.25354	2578897
nonperi	Gm_229	Wild	0.23984	0.25993	0.26059	0.23964	2542977
nonperi	Gm_230	Improved	0.25103	0.24930	0.25013	0.24955	2080595
nonperi	Gm_231	Landrace	0.24971	0.25045	0.25108	0.24876	2005693
nonperi	Gm_232	Landrace	0.25377	0.24629	0.24719	0.25274	2570990
nonperi	Gm_233	Wild	0.23918	0.26084	0.26130	0.23867	2341914
nonperi	Gm_234	Landrace	0.25438	0.24558	0.24654	0.25350	2557927
nonperi	Gm_235	Improved	0.25405	0.24628	0.24708	0.25258	2589036
nonperi	Gm_236	Wild	0.24265	0.25751	0.25812	0.24172	2539321
nonperi	Gm_237	Improved	0.25044	0.24936	0.25055	0.24965	2066005
nonperi	Gm_238	Improved	0.25434	0.24580	0.24668	0.25317	2544909
nonperi	Gm_239	Improved	0.25484	0.24551	0.24634	0.25331	2584823
nonperi	Gm_240	Improved	0.25332	0.24640	0.24762	0.25266	2305576
nonperi	Gm_241	Landrace	0.25112	0.24829	0.24953	0.25106	2096085
nonperi	Gm_242	Wild	0.23789	0.26219	0.26250	0.23742	2532228
nonperi	Gm_243	Landrace	0.25414	0.24569	0.24669	0.25348	2578109
nonperi	Gm_244	Wild	0.23755	0.26255	0.26311	0.23679	2200655
nonperi	Gm_245	Landrace	0.25505	0.24490	0.24590	0.25415	2558972
nonperi	Gm_246	Landrace	0.25416	0.24554	0.24636	0.25393	2572222
nonperi	Gm_247	Improved	0.25430	0.24578	0.24646	0.25346	2531014
nonperi	Gm_248	Wild	0.23966	0.26008	0.26078	0.23948	2528122
nonperi	Gm_249	Improved	0.25315	0.24683	0.24779	0.25223	2313699
nonperi	Gm_250	Landrace	0.24973	0.25052	0.25086	0.24889	1862144
nonperi	Gm_251	Landrace	0.25300	0.24708	0.24799	0.25193	2392146
nonperi	Gm_252	Wild	0.24040	0.25975	0.26028	0.23956	2530095
nonperi	Gm_253	Landrace	0.24977	0.24998	0.25089	0.24935	2045029
nonperi	Gm_254	Improved	0.25474	0.24531	0.24606	0.25390	2544833
nonperi	Gm_255	Landrace	0.25494	0.24520	0.24610	0.25376	2571027
nonperi	Gm_256	Landrace	0.25295	0.24686	0.24773	0.25246	2565407
nonperi	Gm_257	Wild	0.24540	0.25429	0.25538	0.24492	2481611
nonperi	Gm_258	Landrace	0.25363	0.24632	0.24724	0.25281	2497787
nonperi	Gm_259	Wild	0.23991	0.25985	0.26048	0.23976	2525841
nonperi	Gm_260	Landrace	0.25008	0.25020	0.25073	0.24899	1958840
nonperi	Gm_261	Landrace	0.25002	0.24964	0.25096	0.24937	1913635
nonperi	Gm_262	Improved	0.25404	0.24633	0.24690	0.25274	2577089
nonperi	Gm_263	Wild	0.24132	0.25887	0.25925	0.24055	2494706
nonperi	Gm_264	Improved	0.25485	0.24535	0.24626	0.25353	2582981
nonperi	Gm_265	Landrace	0.25368	0.24608	0.24701	0.25323	2551689
nonperi	Gm_266	Wild	0.24205	0.25794	0.25888	0.24114	2442101
nonperi	Gm_267	Improved	0.25300	0.24728	0.24790	0.25181	2397045
nonperi	Gm_268	Improved	0.24960	0.25063	0.25146	0.24831	1842280
nonperi	Gm_269	Improved	0.25344	0.24690	0.24774	0.25192	2579820
nonperi	Gm_270	Improved	0.25317	0.24668	0.24783	0.25232	2282814
nonperi	Gm_271	Improved	0.25400	0.24636	0.24718	0.25246	2571727
nonperi	Gm_272	Wild	0.24178	0.25818	0.25875	0.24129	2531974
nonperi	Gm_273	Improved	0.25354	0.24653	0.24777	0.25215	2472140
nonperi	Gm_274	Improved	0.25474	0.24519	0.24629	0.25379	2563983
nonperi	Gm_275	Improved	0.25417	0.24566	0.24699	0.25318	2537717
nonperi	Gm_276	Landrace	0.25426	0.24579	0.24691	0.25304	2579522
nonperi	Gm_277	Improved	0.25448	0.24555	0.24646	0.25350	2557582
nonperi	Gm_278	Improved	0.25490	0.24499	0.24608	0.25404	2576061
nonperi	Gm_279	Wild	0.23994	0.25971	0.26062	0.23973	2514053
nonperi	Gm_280	Improved	0.25276	0.24713	0.24833	0.25177	2258023
nonperi	Gm_281	Improved	0.25446	0.24553	0.24657	0.25344	2545963
nonperi	Gm_282	Improved	0.25493	0.24498	0.24584	0.25425	2561960
nonperi	Gm_283	Wild	0.24064	0.25918	0.26028	0.23990	2537298
nonperi	Gm_284	Landrace	0.25466	0.24501	0.24614	0.25419	2585546
nonperi	Gm_285	Wild	0.24368	0.25639	0.25715	0.24277	2497898
nonperi	Gm_286	Improved	0.25226	0.24778	0.24853	0.25143	2309583
nonperi	Gm_287	Landrace	0.25468	0.24529	0.24652	0.25351	2581390
nonperi	Gm_288	Wild	0.23962	0.26014	0.26112	0.23911	2502386
nonperi	Gm_289	Landrace	0.25105	0.24942	0.24979	0.24974	2133900
nonperi	Gm_290	Improved	0.25242	0.24759	0.24860	0.25139	2197349
nonperi	Gm_291	Landrace	0.25244	0.24728	0.24852	0.25176	2164786
nonperi	Gm_292	Improved	0.25324	0.24700	0.24791	0.25185	2246764
nonperi	Gm_293	Landrace	0.25492	0.24524	0.24582	0.25402	2558508
nonperi	Gm_294	Landrace	0.25369	0.24603	0.24713	0.25315	2577419
nonperi	Gm_295	Improved	0.25346	0.24677	0.24743	0.25234	2365587
nonperi	Gm_296	Improved	0.25477	0.24541	0.24625	0.25357	2547234
nonperi	Gm_297	Improved	0.25507	0.24513	0.24625	0.25355	2571482
nonperi	Gm_298	Wild	0.23817	0.26181	0.26227	0.23775	2515902
nonperi	Gm_299	Landrace	0.25381	0.24604	0.24703	0.25312	2565656
nonperi	Gm_300	Improved	0.25430	0.24570	0.24626	0.25375	2588491
nonperi	Gm_301	Landrace	0.25308	0.24698	0.24792	0.25202	2229969
nonperi	Gm_302	Landrace	0.25039	0.24928	0.25050	0.24983	2063003
peri_genic	Gm_1	Wild	0.23672	0.26346	0.26328	0.23654	147715
peri_genic	Gm_2	Landrace	0.24968	0.25103	0.25115	0.24815	147135
peri_genic	Gm_3	Improved	0.25402	0.24497	0.24589	0.25512	152612
peri_genic	Gm_4	Landrace	0.25158	0.24692	0.24916	0.25235	144338
peri_genic	Gm_5	Landrace	0.25076	0.24771	0.24957	0.25196	130739
peri_genic	Gm_6	Improved	0.25376	0.24573	0.24486	0.25565	149005
peri_genic	Gm_7	Landrace	0.25230	0.24763	0.24717	0.25290	137922
peri_genic	Gm_8	Landrace	0.25236	0.24501	0.24702	0.25562	145590
peri_genic	Gm_9	Landrace	0.25429	0.24626	0.24580	0.25365	144742
peri_genic	Gm_10	Landrace	0.25536	0.24511	0.24503	0.25450	152318
peri_genic	Gm_11	Wild	0.24453	0.25489	0.25484	0.24574	150274
peri_genic	Gm_12	Improved	0.25239	0.24744	0.24659	0.25358	131731
peri_genic	Gm_13	Improved	0.25478	0.24456	0.24527	0.25538	150595
peri_genic	Gm_14	Wild	0.24320	0.25837	0.25764	0.24079	148943
peri_genic	Gm_15	Improved	0.25354	0.24711	0.24541	0.25394	152730
peri_genic	Gm_16	Landrace	0.25471	0.24439	0.24525	0.25565	151688
peri_genic	Gm_17	Wild	0.23849	0.26304	0.26214	0.23632	133985
peri_genic	Gm_18	Improved	0.25403	0.24505	0.24522	0.25570	148167
peri_genic	Gm_19	Wild	0.24299	0.25869	0.25832	0.24000	139980
peri_genic	Gm_20	Improved	0.25403	0.24470	0.24548	0.25579	152430
peri_genic	Gm_21	Landrace	0.25399	0.24658	0.24626	0.25316	151021
peri_genic	Gm_22	Landrace	0.25520	0.24345	0.24484	0.25651	152039
peri_genic	Gm_23	Landrace	0.25266	0.24651	0.24808	0.25276	149127
peri_genic	Gm_24	Improved	0.25348	0.24489	0.24571	0.25593	152210
peri_genic	Gm_25	Wild	0.23617	0.26453	0.26491	0.23439	147839
peri_genic	Gm_26	Improved	0.25396	0.24650	0.24634	0.25320	137643
peri_genic	Gm_27	Landrace	0.25414	0.24591	0.24589	0.25406	143278
peri_genic	Gm_28	Landrace	0.25354	0.24575	0.24593	0.25478	150305
peri_genic	Gm_29	Improved	0.25095	0.24875	0.24694	0.25336	130092
peri_genic	Gm_30	Improved	0.25289	0.24658	0.24678	0.25375	137006
peri_genic	Gm_31	Landrace	0.25410	0.24562	0.24585	0.25443	149154
peri_genic	Gm_32	Landrace	0.25362	0.24592	0.24623	0.25423	138880
peri_genic	Gm_33	Wild	0.22733	0.27537	0.27264	0.22465	93393
peri_genic	Gm_34	Improved	0.25365	0.24695	0.24523	0.25416	151166
peri_genic	Gm_35	Wild	0.23710	0.26378	0.26299	0.23613	149007
peri_genic	Gm_36	Landrace	0.25122	0.24672	0.24865	0.25342	126533
peri_genic	Gm_37	Improved	0.25457	0.24415	0.24533	0.25595	152353
peri_genic	Gm_38	Improved	0.25364	0.24707	0.24513	0.25416	152265
peri_genic	Gm_39	Improved	0.25320	0.24577	0.24682	0.25421	142201
peri_genic	Gm_40	Landrace	0.25428	0.24598	0.24631	0.25342	152327
peri_genic	Gm_41	Landrace	0.25350	0.24603	0.24582	0.25464	152570
peri_genic	Gm_42	Landrace	0.25285	0.24594	0.24601	0.25520	133476
peri_genic	Gm_43	Improved	0.25150	0.24735	0.24859	0.25257	125235
peri_genic	Gm_44	Landrace	0.25443	0.24642	0.24543	0.25371	146161
peri_genic	Gm_45	Improved	0.25412	0.24561	0.24567	0.25460	146481
