Category	Strain	Group	A	C	G	T	Total
All	B73_MZ	Improved	0.20607	0.29449	0.29248	0.20696	8032887
All	B97_MZ	Improved	0.20801	0.29239	0.29044	0.20916	8146269
All	BKN009_MZ	Landrace	0.20615	0.29465	0.29249	0.20672	8222036
All	BKN010_MZ	Landrace	0.20723	0.29323	0.29146	0.20808	8257377
All	BKN011_MZ	Landrace	0.20500	0.29550	0.29355	0.20595	8039579
All	BKN014_MZ	Landrace	0.20603	0.29457	0.29253	0.20687	8174857
All	BKN015_MZ	Landrace	0.20673	0.29396	0.29202	0.20730	8101664
All	BKN016_MZ	Landrace	0.20684	0.29381	0.29175	0.20761	8195455
All	BKN017_MZ	Landrace	0.20480	0.29578	0.29394	0.20548	7934684
All	BKN018_MZ	Landrace	0.20871	0.29199	0.28980	0.20950	8300018
All	BKN019_MZ	Landrace	0.20730	0.29325	0.29142	0.20803	8234328
All	BKN020_MZ	Landrace	0.20732	0.29335	0.29120	0.20813	8155843
All	BKN022_MZ	Landrace	0.20597	0.29466	0.29269	0.20667	8153395
All	BKN023_MZ	Landrace	0.20743	0.29302	0.29128	0.20827	8135843
All	BKN025_MZ	Landrace	0.20821	0.29226	0.29038	0.20915	8228255
All	BKN026_MZ	Landrace	0.20522	0.29554	0.29338	0.20586	8059379
All	BKN027_MZ	Landrace	0.20750	0.29305	0.29103	0.20843	8187529
All	BKN029_MZ	Landrace	0.20526	0.29533	0.29339	0.20602	7995938
All	BKN030_MZ	Landrace	0.20675	0.29388	0.29180	0.20756	8106799
All	BKN031_MZ	Landrace	0.20755	0.29304	0.29091	0.20850	8238205
All	BKN032_MZ	Landrace	0.20737	0.29317	0.29123	0.20823	8201296
All	BKN033_MZ	Landrace	0.20538	0.29527	0.29338	0.20597	8040017
All	BKN034_MZ	Landrace	0.20820	0.29223	0.29032	0.20926	8138088
All	BKN035_MZ	Landrace	0.20480	0.29580	0.29387	0.20553	8051656
All	BKN040_MZ	Landrace	0.20970	0.29100	0.28898	0.21032	8010662
All	CAU178_MZ	Improved	0.20558	0.29496	0.29303	0.20643	8060145
All	CAU478_MZ	Improved	0.20567	0.29501	0.29291	0.20642	7982293
All	CAU5003_MZ	Improved	0.20759	0.29310	0.29106	0.20825	8120477
All	CAUCHANG72_MZ	Improved	0.20525	0.29534	0.29340	0.20601	8202923
All	CAUMO17_MZ	Improved	0.20733	0.29316	0.29138	0.20814	8380696
All	CAUZHENG58_MZ	Improved	0.20816	0.29245	0.29047	0.20891	8295130
All	CML103_MZ	Improved	0.20752	0.29303	0.29103	0.20842	7713860
All	CML133_MZ	Improved	0.20903	0.29144	0.28936	0.21017	7943496
All	CML192_MZ	Improved	0.20979	0.29084	0.28892	0.21045	7702705
All	CML202_MZ	Improved	0.20822	0.29240	0.29036	0.20901	7587757
All	CML206_MZ	Improved	0.21000	0.29075	0.28866	0.21059	7668736
All	CML228_MZ	Improved	0.20746	0.29328	0.29098	0.20828	7555052
All	CML247_MZ	Improved	0.20563	0.29492	0.29293	0.20653	6916407
All	CML277_MZ	Improved	0.20649	0.29395	0.29204	0.20752	7312486
All	CML312SR_MZ	Improved	0.20958	0.29091	0.28904	0.21047	7598929
All	CML322_MZ	Improved	0.20669	0.29414	0.29172	0.20744	7392969
All	CML330_MZ	Improved	0.20888	0.29145	0.28954	0.21013	7700501
All	CML333_MZ	Improved	0.20848	0.29215	0.29017	0.20920	8187853
All	CML341_MZ	Improved	0.20946	0.29113	0.28908	0.21033	7686609
All	CML411_MZ	Improved	0.20984	0.29063	0.28878	0.21075	7663209
All	CML418_MZ	Improved	0.20858	0.29192	0.29000	0.20951	7563681
All	CML479_MZ	Improved	0.20813	0.29243	0.29034	0.20909	7709489
All	CML504_MZ	Improved	0.20966	0.29125	0.28876	0.21034	7624244
All	CML505_MZ	Improved	0.20968	0.29083	0.28898	0.21051	7929640
All	CML511_MZ	Improved	0.20937	0.29123	0.28932	0.21008	7737337
All	CML52_MZ	Improved	0.20690	0.29364	0.29175	0.20771	7771726
All	CML69_MZ	Improved	0.20818	0.29243	0.29048	0.20891	8064971
All	CML84_MZ	Improved	0.20860	0.29210	0.29016	0.20914	7874573
All	CML85_MZ	Improved	0.20855	0.29209	0.28996	0.20940	7961295
All	CML96_MZ	Improved	0.20906	0.29147	0.28955	0.20991	7729404
All	CML99_MZ	Improved	0.20937	0.29135	0.28913	0.21015	7892388
All	H16_MZ	Improved	0.20930	0.29142	0.28924	0.21004	7408033
All	HP301_MZ	Improved	0.20796	0.29285	0.29065	0.20854	8168692
All	IL14H_MZ	Improved	0.20786	0.29267	0.29078	0.20869	8060106
All	KI11_MZ	Improved	0.20756	0.29310	0.29109	0.20826	7618966
All	KI3_MZ	Improved	0.20786	0.29269	0.29064	0.20881	8362624
All	KY21_MZ	Improved	0.20456	0.29602	0.29390	0.20552	6957520
All	M162W_MZ	Improved	0.20696	0.29392	0.29154	0.20758	7843306
All	M37W_MZ	Improved	0.20664	0.29390	0.29197	0.20749	7704989
All	MO17_MZ	Improved	0.20880	0.29161	0.28987	0.20971	7900417
All	MO18W_MZ	Improved	0.20615	0.29420	0.29239	0.20727	7699020
All	MS71_MZ	Improved	0.20755	0.29308	0.29113	0.20823	8180646
All	NC350_MZ	Improved	0.20532	0.29507	0.29306	0.20655	7098584
All	NC358_MZ	Improved	0.20485	0.29573	0.29365	0.20578	6969646
All	OH43_MZ	Improved	0.20664	0.29390	0.29204	0.20742	8509898
All	OH7B_MZ	Improved	0.20701	0.29380	0.29147	0.20772	7726644
All	P1_MZ	Improved	0.20915	0.29154	0.28939	0.20992	7784847
All	P39_MZ	Improved	0.20700	0.29360	0.29160	0.20780	7902970
All	TIL01_TEO	Wild	0.19008	0.31096	0.30868	0.19028	6523441
All	TIL03_TEO	Wild	0.19451	0.30641	0.30420	0.19488	7199224
All	TIL05_TEO	Wild	0.19174	0.30912	0.30721	0.19193	7707457
All	TIL06-TIP260_TEO	Wild	0.18839	0.31255	0.31044	0.18861	7504074
All	TIL07_TEO	Wild	0.19219	0.30879	0.30655	0.19247	7622379
All	TIL08_TEO	Wild	0.18366	0.31752	0.31519	0.18362	7631671
All	TIL09_TEO	Wild	0.19235	0.30864	0.30651	0.19250	7778702
All	TIL10_TEO	Wild	0.19011	0.31085	0.30868	0.19036	7579656
All	TIL11_TEO	Wild	0.19441	0.30641	0.30444	0.19474	6454714
All	TIL12_TEO	Wild	0.18872	0.31245	0.30989	0.18894	6223360
All	TIL15_TEO	Wild	0.18889	0.31223	0.30971	0.18918	7486789
All	TIL16_TEO	Wild	0.18864	0.31243	0.31003	0.18889	6961300
All	TIL17_TEO	Wild	0.19139	0.30952	0.30736	0.19174	7136855
All	TIL25_TEO	Wild	0.18365	0.31728	0.31504	0.18403	7773700
All	TIL04-TIP454_TEO	Wild	0.18954	0.31170	0.30927	0.18949	7583221
All	TIL06-TIP496_TEO	Wild	0.18913	0.31187	0.30993	0.18907	7443438
All	TIL14_TEO	Wild	0.19281	0.30799	0.30586	0.19335	7511322
All	TX303_MZ	Improved	0.20762	0.29264	0.29092	0.20883	7962323
All	TZI8_MZ	Improved	0.20800	0.29240	0.29079	0.20881	6878827
All	VL0512447_MZ	Improved	0.20851	0.29207	0.28993	0.20950	7303456
All	VL05128_MZ	Improved	0.20838	0.29206	0.29027	0.20929	7756311
All	VL054178_MZ	Improved	0.20979	0.29084	0.28868	0.21069	7804363
All	VL05610_MZ	Improved	0.20995	0.29088	0.28853	0.21064	7969471
All	VL056883_MZ	Improved	0.20748	0.29288	0.29109	0.20855	7661592
All	VL062784_MZ	Improved	0.20905	0.29149	0.28959	0.20986	7701620
All	W22_MZ	Improved	0.20883	0.29177	0.28982	0.20959	8360011
All	W64A_MZ	Improved	0.20694	0.29355	0.29173	0.20778	8469566
peri	B73_MZ	Improved	0.20233	0.29885	0.29517	0.20365	2926782
peri	B97_MZ	Improved	0.20344	0.29736	0.29408	0.20512	2978858
peri	BKN009_MZ	Landrace	0.20020	0.30096	0.29719	0.20165	3004518
peri	BKN010_MZ	Landrace	0.20134	0.29952	0.29619	0.20295	3012901
peri	BKN011_MZ	Landrace	0.19943	0.30164	0.29791	0.20102	2973320
peri	BKN014_MZ	Landrace	0.20075	0.30063	0.29668	0.20194	2998239
peri	BKN015_MZ	Landrace	0.20141	0.29940	0.29620	0.20299	2973112
peri	BKN016_MZ	Landrace	0.20065	0.30002	0.29681	0.20252	2992414
peri	BKN017_MZ	Landrace	0.19818	0.30261	0.29935	0.19985	2896066
peri	BKN018_MZ	Landrace	0.20427	0.29667	0.29324	0.20582	3038623
peri	BKN019_MZ	Landrace	0.20242	0.29860	0.29531	0.20368	3022907
peri	BKN020_MZ	Landrace	0.20171	0.29920	0.29580	0.20329	2954845
peri	BKN022_MZ	Landrace	0.20011	0.30103	0.29725	0.20160	2966359
peri	BKN023_MZ	Landrace	0.20213	0.29839	0.29540	0.20408	2983059
peri	BKN025_MZ	Landrace	0.20314	0.29757	0.29422	0.20507	3029272
peri	BKN026_MZ	Landrace	0.19901	0.30198	0.29857	0.20044	2963931
peri	BKN027_MZ	Landrace	0.20187	0.29903	0.29540	0.20370	2982754
peri	BKN029_MZ	Landrace	0.19855	0.30217	0.29905	0.20023	2908908
peri	BKN030_MZ	Landrace	0.20031	0.30051	0.29706	0.20211	2961842
peri	BKN031_MZ	Landrace	0.20209	0.29877	0.29527	0.20388	3005215
peri	BKN032_MZ	Landrace	0.20211	0.29851	0.29543	0.20395	2995968
peri	BKN033_MZ	Landrace	0.19968	0.30144	0.29784	0.20104	2949680
peri	BKN034_MZ	Landrace	0.20307	0.29770	0.29453	0.20469	2955046
peri	BKN035_MZ	Landrace	0.19818	0.30255	0.29931	0.19997	2931443
peri	BKN040_MZ	Landrace	0.20523	0.29588	0.29251	0.20638	2958083
peri	CAU178_MZ	Improved	0.19966	0.30158	0.29787	0.20089	2909638
peri	CAU478_MZ	Improved	0.20127	0.29994	0.29619	0.20259	2947931
peri	CAU5003_MZ	Improved	0.20289	0.29840	0.29450	0.20422	2953353
peri	CAUCHANG72_MZ	Improved	0.19922	0.30175	0.29825	0.20077	2972558
peri	CAUMO17_MZ	Improved	0.20246	0.29845	0.29521	0.20388	3033575
peri	CAUZHENG58_MZ	Improved	0.20335	0.29781	0.29433	0.20452	3013354
peri	CML103_MZ	Improved	0.20290	0.29825	0.29447	0.20438	2793931
peri	CML133_MZ	Improved	0.20480	0.29599	0.29241	0.20680	2907965
peri	CML192_MZ	Improved	0.20604	0.29499	0.29150	0.20747	2825118
peri	CML202_MZ	Improved	0.20388	0.29714	0.29360	0.20537	2787168
peri	CML206_MZ	Improved	0.20596	0.29495	0.29170	0.20740	2822993
peri	CML228_MZ	Improved	0.20326	0.29790	0.29396	0.20487	2757536
peri	CML247_MZ	Improved	0.20070	0.29999	0.29686	0.20245	2502920
peri	CML277_MZ	Improved	0.20201	0.29875	0.29529	0.20396	2668583
peri	CML312SR_MZ	Improved	0.20468	0.29605	0.29309	0.20618	2780662
peri	CML322_MZ	Improved	0.20244	0.29883	0.29493	0.20381	2694296
peri	CML330_MZ	Improved	0.20430	0.29655	0.29296	0.20619	2835784
peri	CML333_MZ	Improved	0.20401	0.29695	0.29354	0.20550	2974564
peri	CML341_MZ	Improved	0.20497	0.29603	0.29231	0.20669	2831619
peri	CML411_MZ	Improved	0.20574	0.29508	0.29174	0.20744	2818498
peri	CML418_MZ	Improved	0.20369	0.29686	0.29381	0.20565	2787207
peri	CML479_MZ	Improved	0.20375	0.29732	0.29372	0.20522	2837237
peri	CML504_MZ	Improved	0.20478	0.29671	0.29261	0.20590	2780935
peri	CML505_MZ	Improved	0.20600	0.29527	0.29130	0.20743	2919275
peri	CML511_MZ	Improved	0.20471	0.29614	0.29293	0.20622	2842581
peri	CML52_MZ	Improved	0.20272	0.29838	0.29505	0.20386	2833628
peri	CML69_MZ	Improved	0.20369	0.29729	0.29387	0.20514	2929957
peri	CML84_MZ	Improved	0.20321	0.29807	0.29413	0.20459	2879278
peri	CML85_MZ	Improved	0.20295	0.29794	0.29442	0.20469	2906876
peri	CML96_MZ	Improved	0.20378	0.29708	0.29359	0.20555	2828090
peri	CML99_MZ	Improved	0.20509	0.29627	0.29230	0.20634	2904266
peri	H16_MZ	Improved	0.20514	0.29596	0.29238	0.20652	2747007
peri	HP301_MZ	Improved	0.20277	0.29814	0.29471	0.20438	2965734
peri	IL14H_MZ	Improved	0.20170	0.29941	0.29577	0.20313	2906872
peri	KI11_MZ	Improved	0.20287	0.29818	0.29462	0.20434	2759159
peri	KI3_MZ	Improved	0.20289	0.29806	0.29439	0.20466	3036446
peri	KY21_MZ	Improved	0.20037	0.30100	0.29684	0.20178	2569280
peri	M162W_MZ	Improved	0.20209	0.29913	0.29508	0.20370	2861686
peri	M37W_MZ	Improved	0.20167	0.29925	0.29584	0.20324	2819893
peri	MO17_MZ	Improved	0.20486	0.29603	0.29278	0.20634	2861054
peri	MO18W_MZ	Improved	0.20190	0.29892	0.29571	0.20346	2815770
peri	MS71_MZ	Improved	0.20268	0.29853	0.29479	0.20399	2973880
peri	NC350_MZ	Improved	0.20117	0.29952	0.29614	0.20317	2608815
peri	NC358_MZ	Improved	0.20065	0.30031	0.29670	0.20234	2566884
peri	OH43_MZ	Improved	0.20078	0.30029	0.29683	0.20210	3080591
peri	OH7B_MZ	Improved	0.20226	0.29918	0.29503	0.20353	2849314
peri	P1_MZ	Improved	0.20450	0.29653	0.29291	0.20606	2858134
peri	P39_MZ	Improved	0.20126	0.29978	0.29633	0.20263	2865538
peri	TIL01_TEO	Wild	0.17955	0.32193	0.31825	0.18027	2371321
peri	TIL03_TEO	Wild	0.18577	0.31568	0.31170	0.18685	2619704
peri	TIL05_TEO	Wild	0.17996	0.32105	0.31808	0.18092	2739055
peri	TIL06-TIP260_TEO	Wild	0.17421	0.32726	0.32347	0.17506	2672782
peri	TIL07_TEO	Wild	0.18242	0.31891	0.31514	0.18353	2748736
peri	TIL08_TEO	Wild	0.16928	0.33228	0.32848	0.16996	2709896
peri	TIL09_TEO	Wild	0.18151	0.31978	0.31603	0.18267	2783416
peri	TIL10_TEO	Wild	0.17746	0.32402	0.32016	0.17836	2723707
peri	TIL11_TEO	Wild	0.18561	0.31568	0.31199	0.18672	2317142
peri	TIL12_TEO	Wild	0.17507	0.32677	0.32220	0.17597	2204076
peri	TIL15_TEO	Wild	0.17681	0.32480	0.32053	0.17786	2625983
peri	TIL16_TEO	Wild	0.17760	0.32436	0.32005	0.17799	2485127
peri	TIL17_TEO	Wild	0.17789	0.32369	0.31938	0.17904	2529485
peri	TIL25_TEO	Wild	0.16948	0.33214	0.32797	0.17041	2788476
peri	TIL04-TIP454_TEO	Wild	0.17564	0.32631	0.32183	0.17621	2706193
peri	TIL06-TIP496_TEO	Wild	0.17520	0.32638	0.32259	0.17583	2668547
peri	TIL14_TEO	Wild	0.18302	0.31823	0.31431	0.18444	2713620
peri	TX303_MZ	Improved	0.20316	0.29766	0.29437	0.20481	2910974
peri	TZI8_MZ	Improved	0.20411	0.29679	0.29373	0.20537	2426824
peri	VL0512447_MZ	Improved	0.20425	0.29685	0.29303	0.20587	2696140
peri	VL05128_MZ	Improved	0.20445	0.29627	0.29306	0.20622	2871359
peri	VL054178_MZ	Improved	0.20646	0.29459	0.29086	0.20809	2871274
peri	VL05610_MZ	Improved	0.20546	0.29564	0.29197	0.20693	2923505
peri	VL056883_MZ	Improved	0.20210	0.29869	0.29523	0.20399	2807569
peri	VL062784_MZ	Improved	0.20574	0.29506	0.29188	0.20732	2842594
peri	W22_MZ	Improved	0.20486	0.29641	0.29272	0.20601	3045298
peri	W64A_MZ	Improved	0.20224	0.29878	0.29532	0.20366	3072661
nonperi	B73_MZ	Improved	0.20821	0.29198	0.29095	0.20886	5106105
nonperi	B97_MZ	Improved	0.21064	0.28953	0.28834	0.21149	5167411
nonperi	BKN009_MZ	Landrace	0.20958	0.29101	0.28978	0.20963	5217518
nonperi	BKN010_MZ	Landrace	0.21060	0.28962	0.28874	0.21103	5244476
nonperi	BKN011_MZ	Landrace	0.20826	0.29190	0.29099	0.20885	5066259
nonperi	BKN014_MZ	Landrace	0.20908	0.29106	0.29013	0.20973	5176618
nonperi	BKN015_MZ	Landrace	0.20982	0.29080	0.28959	0.20979	5128552
nonperi	BKN016_MZ	Landrace	0.21040	0.29023	0.28883	0.21053	5203041
nonperi	BKN017_MZ	Landrace	0.20860	0.29185	0.29083	0.20872	5038618
nonperi	BKN018_MZ	Landrace	0.21127	0.28929	0.28781	0.21163	5261395
nonperi	BKN019_MZ	Landrace	0.21013	0.29015	0.28916	0.21056	5211421
nonperi	BKN020_MZ	Landrace	0.21051	0.29003	0.28859	0.21087	5200998
nonperi	BKN022_MZ	Landrace	0.20933	0.29102	0.29009	0.20957	5187036
nonperi	BKN023_MZ	Landrace	0.21049	0.28992	0.28890	0.21069	5152784
nonperi	BKN025_MZ	Landrace	0.21116	0.28917	0.28814	0.21152	5198983
nonperi	BKN026_MZ	Landrace	0.20884	0.29179	0.29036	0.20901	5095448
nonperi	BKN027_MZ	Landrace	0.21073	0.28962	0.28852	0.21113	5204775
nonperi	BKN029_MZ	Landrace	0.20910	0.29142	0.29015	0.20934	5087030
nonperi	BKN030_MZ	Landrace	0.21046	0.29007	0.28878	0.21070	5144957
nonperi	BKN031_MZ	Landrace	0.21069	0.28975	0.28841	0.21115	5232990
nonperi	BKN032_MZ	Landrace	0.21040	0.29009	0.28882	0.21069	5205328
nonperi	BKN033_MZ	Landrace	0.20869	0.29169	0.29079	0.20883	5090337
nonperi	BKN034_MZ	Landrace	0.21112	0.28910	0.28792	0.21186	5183042
nonperi	BKN035_MZ	Landrace	0.20859	0.29194	0.29076	0.20871	5120213
nonperi	BKN040_MZ	Landrace	0.21231	0.28813	0.28692	0.21263	5052579
nonperi	CAU178_MZ	Improved	0.20892	0.29122	0.29030	0.20956	5150507
nonperi	CAU478_MZ	Improved	0.20824	0.29212	0.29099	0.20866	5034362
nonperi	CAU5003_MZ	Improved	0.21028	0.29008	0.28909	0.21055	5167124
nonperi	CAUCHANG72_MZ	Improved	0.20868	0.29169	0.29063	0.20899	5230365
nonperi	CAUMO17_MZ	Improved	0.21008	0.29016	0.28920	0.21055	5347121
nonperi	CAUZHENG58_MZ	Improved	0.21091	0.28939	0.28828	0.21142	5281776
nonperi	CML103_MZ	Improved	0.21014	0.29006	0.28908	0.21072	4919929
nonperi	CML133_MZ	Improved	0.21147	0.28882	0.28760	0.21211	5035531
nonperi	CML192_MZ	Improved	0.21197	0.28844	0.28742	0.21217	4877587
nonperi	CML202_MZ	Improved	0.21074	0.28965	0.28848	0.21112	4800589
nonperi	CML206_MZ	Improved	0.21236	0.28830	0.28690	0.21245	4845743
nonperi	CML228_MZ	Improved	0.20987	0.29062	0.28927	0.21024	4797516
nonperi	CML247_MZ	Improved	0.20842	0.29204	0.29070	0.20884	4413487
nonperi	CML277_MZ	Improved	0.20907	0.29119	0.29017	0.20957	4643903
nonperi	CML312SR_MZ	Improved	0.21241	0.28794	0.28671	0.21295	4818267
nonperi	CML322_MZ	Improved	0.20913	0.29146	0.28989	0.20953	4698673
nonperi	CML330_MZ	Improved	0.21155	0.28848	0.28754	0.21242	4864717
nonperi	CML333_MZ	Improved	0.21103	0.28941	0.28824	0.21132	5213289
nonperi	CML341_MZ	Improved	0.21207	0.28828	0.28719	0.21245	4854990
nonperi	CML411_MZ	Improved	0.21223	0.28804	0.28706	0.21267	4844711
nonperi	CML418_MZ	Improved	0.21143	0.28903	0.28778	0.21176	4776474
nonperi	CML479_MZ	Improved	0.21069	0.28959	0.28837	0.21135	4872252
nonperi	CML504_MZ	Improved	0.21246	0.28811	0.28654	0.21289	4843309
nonperi	CML505_MZ	Improved	0.21183	0.28825	0.28762	0.21230	5010365
nonperi	CML511_MZ	Improved	0.21208	0.28839	0.28722	0.21232	4894756
nonperi	CML52_MZ	Improved	0.20929	0.29092	0.28987	0.20992	4938098
nonperi	CML69_MZ	Improved	0.21074	0.28966	0.28854	0.21106	5135014
nonperi	CML84_MZ	Improved	0.21171	0.28866	0.28787	0.21176	4995295
nonperi	CML85_MZ	Improved	0.21177	0.28872	0.28740	0.21211	5054419
nonperi	CML96_MZ	Improved	0.21211	0.28823	0.28722	0.21243	4901314
nonperi	CML99_MZ	Improved	0.21186	0.28849	0.28729	0.21237	4988122
nonperi	H16_MZ	Improved	0.21175	0.28875	0.28739	0.21212	4661026
nonperi	HP301_MZ	Improved	0.21092	0.28983	0.28833	0.21092	5202958
nonperi	IL14H_MZ	Improved	0.21133	0.28887	0.28797	0.21182	5153234
nonperi	KI11_MZ	Improved	0.21022	0.29021	0.28908	0.21049	4859807
nonperi	KI3_MZ	Improved	0.21070	0.28963	0.28850	0.21117	5326178
nonperi	KY21_MZ	Improved	0.20702	0.29310	0.29218	0.20770	4388240
nonperi	M162W_MZ	Improved	0.20976	0.29093	0.28950	0.20981	4981620
nonperi	M37W_MZ	Improved	0.20951	0.29081	0.28974	0.20994	4885096
nonperi	MO17_MZ	Improved	0.21104	0.28911	0.28822	0.21163	5039363
nonperi	MO18W_MZ	Improved	0.20860	0.29147	0.29047	0.20946	4883250
nonperi	MS71_MZ	Improved	0.21034	0.28997	0.28904	0.21065	5206766
nonperi	NC350_MZ	Improved	0.20773	0.29249	0.29127	0.20851	4489769
nonperi	NC358_MZ	Improved	0.20730	0.29306	0.29186	0.20778	4402762
nonperi	OH43_MZ	Improved	0.20997	0.29027	0.28932	0.21044	5429307
nonperi	OH7B_MZ	Improved	0.20979	0.29066	0.28939	0.21016	4877330
nonperi	P1_MZ	Improved	0.21185	0.28865	0.28735	0.21215	4926713
nonperi	P39_MZ	Improved	0.21026	0.29008	0.28892	0.21074	5037432
nonperi	TIL01_TEO	Wild	0.19610	0.30469	0.30321	0.19600	4152120
nonperi	TIL03_TEO	Wild	0.19951	0.30111	0.29991	0.19948	4579520
nonperi	TIL05_TEO	Wild	0.19824	0.30254	0.30122	0.19800	4968402
nonperi	TIL06-TIP260_TEO	Wild	0.19624	0.30442	0.30323	0.19611	4831292
nonperi	TIL07_TEO	Wild	0.19769	0.30308	0.30171	0.19751	4873643
nonperi	TIL08_TEO	Wild	0.19158	0.30940	0.30788	0.19115	4921775
nonperi	TIL09_TEO	Wild	0.19839	0.30243	0.30121	0.19798	4995286
nonperi	TIL10_TEO	Wild	0.19721	0.30346	0.30224	0.19709	4855949
nonperi	TIL11_TEO	Wild	0.19934	0.30121	0.30022	0.19923	4137572
nonperi	TIL12_TEO	Wild	0.19621	0.30460	0.30314	0.19605	4019284
nonperi	TIL15_TEO	Wild	0.19541	0.30544	0.30386	0.19529	4860806
nonperi	TIL16_TEO	Wild	0.19478	0.30581	0.30447	0.19493	4476173
nonperi	TIL17_TEO	Wild	0.19880	0.30173	0.30076	0.19871	4607370
nonperi	TIL25_TEO	Wild	0.19158	0.30897	0.30781	0.19164	4985224
nonperi	TIL04-TIP454_TEO	Wild	0.19725	0.30360	0.30230	0.19686	4877028
nonperi	TIL06-TIP496_TEO	Wild	0.19691	0.30376	0.30285	0.19648	4774891
nonperi	TIL14_TEO	Wild	0.19834	0.30220	0.30107	0.19839	4797702
nonperi	TX303_MZ	Improved	0.21018	0.28974	0.28893	0.21115	5051349
nonperi	TZI8_MZ	Improved	0.21012	0.29001	0.28918	0.21068	4452003
nonperi	VL0512447_MZ	Improved	0.21101	0.28927	0.28811	0.21162	4607316
nonperi	VL05128_MZ	Improved	0.21069	0.28959	0.28862	0.21110	4884952
nonperi	VL054178_MZ	Improved	0.21173	0.28866	0.28741	0.21220	4933089
nonperi	VL05610_MZ	Improved	0.21254	0.28813	0.28654	0.21279	5045966
nonperi	VL056883_MZ	Improved	0.21060	0.28952	0.28869	0.21119	4854023
nonperi	VL062784_MZ	Improved	0.21100	0.28940	0.28825	0.21135	4859026
nonperi	W22_MZ	Improved	0.21110	0.28911	0.28815	0.21163	5314713
nonperi	W64A_MZ	Improved	0.20962	0.29057	0.28969	0.21012	5396905
peri_genic	B73_MZ	Improved	0.21928	0.28045	0.28163	0.21864	280750
peri_genic	B97_MZ	Improved	0.22202	0.27840	0.27914	0.22043	287904
peri_genic	BKN009_MZ	Landrace	0.21969	0.28104	0.28115	0.21812	290423
peri_genic	BKN010_MZ	Landrace	0.22029	0.28061	0.28106	0.21804	290810
peri_genic	BKN011_MZ	Landrace	0.21930	0.28103	0.28103	0.21864	287170
peri_genic	BKN014_MZ	Landrace	0.22053	0.28063	0.28062	0.21822	290264
peri_genic	BKN015_MZ	Landrace	0.22059	0.28054	0.28051	0.21836	286378
peri_genic	BKN016_MZ	Landrace	0.22086	0.28029	0.27999	0.21886	289742
peri_genic	BKN017_MZ	Landrace	0.21935	0.28194	0.28188	0.21683	282716
peri_genic	BKN018_MZ	Landrace	0.22209	0.27904	0.27882	0.22006	292667
peri_genic	BKN019_MZ	Landrace	0.22049	0.27973	0.28051	0.21927	290708
peri_genic	BKN020_MZ	Landrace	0.22042	0.27865	0.28042	0.22051	285052
peri_genic	BKN022_MZ	Landrace	0.21877	0.28076	0.28201	0.21847	286146
peri_genic	BKN023_MZ	Landrace	0.22055	0.27887	0.28055	0.22003	286374
peri_genic	BKN025_MZ	Landrace	0.22070	0.27904	0.27940	0.22086	290000
peri_genic	BKN026_MZ	Landrace	0.21947	0.28117	0.28186	0.21750	286116
peri_genic	BKN027_MZ	Landrace	0.22100	0.27952	0.27988	0.21961	288033
peri_genic	BKN029_MZ	Landrace	0.21969	0.28183	0.28094	0.21754	281990
peri_genic	BKN030_MZ	Landrace	0.22034	0.27974	0.28042	0.21950	286200
peri_genic	BKN031_MZ	Landrace	0.22112	0.27921	0.27949	0.22018	287802
peri_genic	BKN032_MZ	Landrace	0.22088	0.27955	0.27924	0.22034	288805
peri_genic	BKN033_MZ	Landrace	0.21964	0.28161	0.28024	0.21851	285770
peri_genic	BKN034_MZ	Landrace	0.22280	0.27887	0.27872	0.21961	284993
peri_genic	BKN035_MZ	Landrace	0.21884	0.28199	0.28187	0.21730	283986
peri_genic	BKN040_MZ	Landrace	0.22294	0.27808	0.27813	0.22085	283512
peri_genic	CAU178_MZ	Improved	0.22003	0.28128	0.28097	0.21772	282048
peri_genic	CAU478_MZ	Improved	0.21904	0.28204	0.28164	0.21727	278092
peri_genic	CAU5003_MZ	Improved	0.22201	0.27976	0.27858	0.21965	288084
peri_genic	CAUCHANG72_MZ	Improved	0.21987	0.28199	0.28077	0.21736	290227
peri_genic	CAUMO17_MZ	Improved	0.22219	0.27947	0.27860	0.21974	294311
peri_genic	CAUZHENG58_MZ	Improved	0.22241	0.27876	0.27835	0.22048	292044
peri_genic	CML103_MZ	Improved	0.22031	0.28075	0.27979	0.21915	270391
peri_genic	CML133_MZ	Improved	0.22260	0.27830	0.27794	0.22117	278844
peri_genic	CML192_MZ	Improved	0.22346	0.27774	0.27832	0.22048	269773
peri_genic	CML202_MZ	Improved	0.22122	0.27849	0.27931	0.22098	265550
peri_genic	CML206_MZ	Improved	0.22342	0.27644	0.27718	0.22296	267137
peri_genic	CML228_MZ	Improved	0.21979	0.28070	0.27992	0.21959	268508
peri_genic	CML247_MZ	Improved	0.21850	0.28104	0.28246	0.21801	248535
peri_genic	CML277_MZ	Improved	0.21923	0.28087	0.28131	0.21860	261807
peri_genic	CML312SR_MZ	Improved	0.22304	0.27686	0.27738	0.22272	265343
peri_genic	CML322_MZ	Improved	0.21950	0.28181	0.28110	0.21758	263190
peri_genic	CML330_MZ	Improved	0.22188	0.27783	0.27865	0.22164	267861
peri_genic	CML333_MZ	Improved	0.22228	0.27882	0.27830	0.22060	289009
peri_genic	CML341_MZ	Improved	0.22285	0.27786	0.27846	0.22083	267854
peri_genic	CML411_MZ	Improved	0.22380	0.27678	0.27694	0.22248	267611
peri_genic	CML418_MZ	Improved	0.22098	0.27900	0.27900	0.22102	264516
peri_genic	CML479_MZ	Improved	0.22172	0.27840	0.27855	0.22134	270897
peri_genic	CML504_MZ	Improved	0.22337	0.27812	0.27617	0.22234	266644
peri_genic	CML505_MZ	Improved	0.22254	0.27862	0.27727	0.22156	275023
peri_genic	CML511_MZ	Improved	0.22238	0.27742	0.27741	0.22280	268290
peri_genic	CML52_MZ	Improved	0.22157	0.27922	0.28023	0.21898	273543
peri_genic	CML69_MZ	Improved	0.22199	0.27861	0.27963	0.21977	284829
peri_genic	CML84_MZ	Improved	0.22192	0.27895	0.27854	0.22059	276806
peri_genic	CML85_MZ	Improved	0.22197	0.27833	0.27860	0.22110	279207
peri_genic	CML96_MZ	Improved	0.22248	0.27812	0.27807	0.22133	270468
peri_genic	CML99_MZ	Improved	0.22273	0.27832	0.27758	0.22137	278050
peri_genic	H16_MZ	Improved	0.22265	0.27735	0.27815	0.22185	255618
peri_genic	HP301_MZ	Improved	0.22065	0.27908	0.28049	0.21979	287451
peri_genic	IL14H_MZ	Improved	0.22091	0.27964	0.27980	0.21965	285167
peri_genic	KI11_MZ	Improved	0.22050	0.27977	0.28052	0.21921	271051
peri_genic	KI3_MZ	Improved	0.22044	0.27812	0.28002	0.22142	294387
peri_genic	KY21_MZ	Improved	0.21831	0.28203	0.28292	0.21674	248708
peri_genic	M162W_MZ	Improved	0.21945	0.28052	0.28118	0.21885	277841
peri_genic	M37W_MZ	Improved	0.21985	0.28141	0.28116	0.21758	272703
peri_genic	MO17_MZ	Improved	0.22254	0.27888	0.27813	0.22046	279699
peri_genic	MO18W_MZ	Improved	0.22098	0.28085	0.27962	0.21854	273675
peri_genic	MS71_MZ	Improved	0.22160	0.27964	0.27967	0.21909	288014
peri_genic	NC350_MZ	Improved	0.21724	0.28176	0.28242	0.21858	253272
peri_genic	NC358_MZ	Improved	0.21825	0.28300	0.28282	0.21592	249589
peri_genic	OH43_MZ	Improved	0.22099	0.27964	0.28007	0.21929	299557
peri_genic	OH7B_MZ	Improved	0.22058	0.28056	0.28008	0.21878	275176
peri_genic	P1_MZ	Improved	0.22229	0.27742	0.27793	0.22236	273008
peri_genic	P39_MZ	Improved	0.22125	0.27927	0.28000	0.21948	281145
peri_genic	TIL01_TEO	Wild	0.20720	0.29288	0.29321	0.20671	241800
peri_genic	TIL03_TEO	Wild	0.21183	0.28817	0.28900	0.21100	260129
peri_genic	TIL05_TEO	Wild	0.20831	0.29039	0.29261	0.20869	278865
peri_genic	TIL06-TIP260_TEO	Wild	0.20542	0.29499	0.29490	0.20469	273975
peri_genic	TIL07_TEO	Wild	0.21023	0.29071	0.29107	0.20799	276957
peri_genic	TIL08_TEO	Wild	0.20368	0.29630	0.29723	0.20279	282944
peri_genic	TIL09_TEO	Wild	0.20962	0.29128	0.29063	0.20847	285228
peri_genic	TIL10_TEO	Wild	0.20831	0.29222	0.29278	0.20669	276898
peri_genic	TIL11_TEO	Wild	0.21134	0.28889	0.28914	0.21063	235513
peri_genic	TIL12_TEO	Wild	0.20530	0.29452	0.29410	0.20608	230813
peri_genic	TIL15_TEO	Wild	0.20694	0.29330	0.29369	0.20606	276958
peri_genic	TIL16_TEO	Wild	0.20618	0.29434	0.29418	0.20530	258019
peri_genic	TIL17_TEO	Wild	0.20836	0.29330	0.29181	0.20653	261509
peri_genic	TIL25_TEO	Wild	0.20309	0.29796	0.29683	0.20213	286401
peri_genic	TIL04-TIP454_TEO	Wild	0.20756	0.29300	0.29353	0.20591	273738
peri_genic	TIL06-TIP496_TEO	Wild	0.20635	0.29468	0.29436	0.20462	275408
peri_genic	TIL14_TEO	Wild	0.21006	0.29037	0.28985	0.20972	271689
peri_genic	TX303_MZ	Improved	0.22131	0.27876	0.27915	0.22078	281417
peri_genic	TZI8_MZ	Improved	0.22035	0.28068	0.28041	0.21856	248497
peri_genic	VL0512447_MZ	Improved	0.22252	0.27712	0.27822	0.22214	251280
peri_genic	VL05128_MZ	Improved	0.22152	0.27884	0.27931	0.22034	269072
peri_genic	VL054178_MZ	Improved	0.22373	0.27559	0.27760	0.22307	273919
peri_genic	VL05610_MZ	Improved	0.22407	0.27667	0.27620	0.22305	275390
peri_genic	VL056883_MZ	Improved	0.21997	0.27994	0.28070	0.21939	270359
peri_genic	VL062784_MZ	Improved	0.22188	0.27814	0.27853	0.22144	271126
peri_genic	W22_MZ	Improved	0.22251	0.27855	0.27838	0.22055	292816
peri_genic	W64A_MZ	Improved	0.22156	0.27947	0.27891	0.22006	298099
peri_nongenic	B73_MZ	Improved	0.20053	0.30080	0.29660	0.20206	2646032
peri_nongenic	B97_MZ	Improved	0.20145	0.29939	0.29568	0.20348	2690954
peri_nongenic	BKN009_MZ	Landrace	0.19811	0.30309	0.29890	0.19989	2714095
peri_nongenic	BKN010_MZ	Landrace	0.19932	0.30154	0.29781	0.20133	2722091
peri_nongenic	BKN011_MZ	Landrace	0.19731	0.30384	0.29971	0.19914	2686150
peri_nongenic	BKN014_MZ	Landrace	0.19863	0.30278	0.29840	0.20019	2707975
peri_nongenic	BKN015_MZ	Landrace	0.19936	0.30141	0.29788	0.20135	2686734
peri_nongenic	BKN016_MZ	Landrace	0.19849	0.30214	0.29861	0.20077	2702672
peri_nongenic	BKN017_MZ	Landrace	0.19589	0.30485	0.30124	0.19802	2613350
peri_nongenic	BKN018_MZ	Landrace	0.20237	0.29855	0.29478	0.20430	2745956
peri_nongenic	BKN019_MZ	Landrace	0.20049	0.30060	0.29688	0.20202	2732199
peri_nongenic	BKN020_MZ	Landrace	0.19971	0.30139	0.29744	0.20145	2669793
peri_nongenic	BKN022_MZ	Landrace	0.19812	0.30319	0.29888	0.19980	2680213
peri_nongenic	BKN023_MZ	Landrace	0.20018	0.30046	0.29698	0.20239	2696685
peri_nongenic	BKN025_MZ	Landrace	0.20128	0.29953	0.29578	0.20340	2739272
peri_nongenic	BKN026_MZ	Landrace	0.19682	0.30420	0.30036	0.19862	2677815
peri_nongenic	BKN027_MZ	Landrace	0.19982	0.30112	0.29706	0.20200	2694721
peri_nongenic	BKN029_MZ	Landrace	0.19628	0.30435	0.30099	0.19838	2626918
peri_nongenic	BKN030_MZ	Landrace	0.19817	0.30274	0.29884	0.20025	2675642
peri_nongenic	BKN031_MZ	Landrace	0.20007	0.30084	0.29694	0.20215	2717413
peri_nongenic	BKN032_MZ	Landrace	0.20011	0.30053	0.29715	0.20220	2707163
peri_nongenic	BKN033_MZ	Landrace	0.19754	0.30357	0.29973	0.19917	2663910
peri_nongenic	BKN034_MZ	Landrace	0.20097	0.29971	0.29622	0.20310	2670053
peri_nongenic	BKN035_MZ	Landrace	0.19596	0.30475	0.30118	0.19811	2647457
peri_nongenic	BKN040_MZ	Landrace	0.20336	0.29777	0.29403	0.20484	2674571
peri_nongenic	CAU178_MZ	Improved	0.19747	0.30376	0.29968	0.19908	2627590
peri_nongenic	CAU478_MZ	Improved	0.19942	0.30180	0.29771	0.20107	2669839
peri_nongenic	CAU5003_MZ	Improved	0.20082	0.30041	0.29622	0.20255	2665269
peri_nongenic	CAUCHANG72_MZ	Improved	0.19699	0.30389	0.30015	0.19898	2682331
peri_nongenic	CAUMO17_MZ	Improved	0.20034	0.30049	0.29699	0.20218	2739264
peri_nongenic	CAUZHENG58_MZ	Improved	0.20130	0.29985	0.29604	0.20280	2721310
peri_nongenic	CML103_MZ	Improved	0.20104	0.30013	0.29604	0.20280	2523540
peri_nongenic	CML133_MZ	Improved	0.20291	0.29787	0.29395	0.20528	2629121
peri_nongenic	CML192_MZ	Improved	0.20420	0.29682	0.29289	0.20609	2555345
peri_nongenic	CML202_MZ	Improved	0.20206	0.29911	0.29511	0.20373	2521618
peri_nongenic	CML206_MZ	Improved	0.20414	0.29688	0.29322	0.20577	2555856
peri_nongenic	CML228_MZ	Improved	0.20148	0.29976	0.29548	0.20329	2489028
peri_nongenic	CML247_MZ	Improved	0.19874	0.30208	0.29845	0.20073	2254385
peri_nongenic	CML277_MZ	Improved	0.20014	0.30069	0.29681	0.20236	2406776
peri_nongenic	CML312SR_MZ	Improved	0.20275	0.29808	0.29474	0.20443	2515319
peri_nongenic	CML322_MZ	Improved	0.20059	0.30067	0.29642	0.20231	2431106
peri_nongenic	CML330_MZ	Improved	0.20247	0.29851	0.29445	0.20458	2567923
peri_nongenic	CML333_MZ	Improved	0.20205	0.29890	0.29518	0.20387	2685555
peri_nongenic	CML341_MZ	Improved	0.20310	0.29792	0.29376	0.20521	2563765
peri_nongenic	CML411_MZ	Improved	0.20385	0.29700	0.29329	0.20587	2550887
peri_nongenic	CML418_MZ	Improved	0.20188	0.29873	0.29536	0.20403	2522691
peri_nongenic	CML479_MZ	Improved	0.20185	0.29932	0.29532	0.20352	2566340
peri_nongenic	CML504_MZ	Improved	0.20280	0.29868	0.29436	0.20416	2514291
peri_nongenic	CML505_MZ	Improved	0.20428	0.29700	0.29276	0.20596	2644252
peri_nongenic	CML511_MZ	Improved	0.20287	0.29809	0.29454	0.20449	2574291
peri_nongenic	CML52_MZ	Improved	0.20071	0.30042	0.29663	0.20224	2560085
peri_nongenic	CML69_MZ	Improved	0.20172	0.29930	0.29541	0.20357	2645128
peri_nongenic	CML84_MZ	Improved	0.20122	0.30010	0.29579	0.20289	2602472
peri_nongenic	CML85_MZ	Improved	0.20093	0.30003	0.29610	0.20295	2627669
peri_nongenic	CML96_MZ	Improved	0.20180	0.29908	0.29524	0.20388	2557622
peri_nongenic	CML99_MZ	Improved	0.20322	0.29817	0.29386	0.20475	2626216
peri_nongenic	H16_MZ	Improved	0.20334	0.29787	0.29384	0.20495	2491389
peri_nongenic	HP301_MZ	Improved	0.20085	0.30019	0.29624	0.20272	2678283
peri_nongenic	IL14H_MZ	Improved	0.19961	0.30156	0.29750	0.20133	2621705
peri_nongenic	KI11_MZ	Improved	0.20095	0.30018	0.29615	0.20272	2488108
peri_nongenic	KI3_MZ	Improved	0.20101	0.30020	0.29593	0.20286	2742059
peri_nongenic	KY21_MZ	Improved	0.19845	0.30304	0.29834	0.20018	2320572
peri_nongenic	M162W_MZ	Improved	0.20022	0.30113	0.29658	0.20207	2583845
peri_nongenic	M37W_MZ	Improved	0.19972	0.30116	0.29741	0.20171	2547190
peri_nongenic	MO17_MZ	Improved	0.20294	0.29789	0.29436	0.20481	2581355
peri_nongenic	MO18W_MZ	Improved	0.19985	0.30087	0.29744	0.20184	2542095
peri_nongenic	MS71_MZ	Improved	0.20065	0.30056	0.29641	0.20238	2685866
peri_nongenic	NC350_MZ	Improved	0.19944	0.30143	0.29761	0.20151	2355543
peri_nongenic	NC358_MZ	Improved	0.19876	0.30217	0.29820	0.20087	2317295
peri_nongenic	OH43_MZ	Improved	0.19860	0.30252	0.29863	0.20025	2781034
peri_nongenic	OH7B_MZ	Improved	0.20031	0.30117	0.29663	0.20190	2574138
peri_nongenic	P1_MZ	Improved	0.20263	0.29855	0.29449	0.20434	2585126
peri_nongenic	P39_MZ	Improved	0.19909	0.30201	0.29810	0.20080	2584393
peri_nongenic	TIL01_TEO	Wild	0.17641	0.32523	0.32110	0.17726	2129521
peri_nongenic	TIL03_TEO	Wild	0.18290	0.31871	0.31420	0.18419	2359575
peri_nongenic	TIL05_TEO	Wild	0.17674	0.32452	0.32096	0.17777	2460190
peri_nongenic	TIL06-TIP260_TEO	Wild	0.17065	0.33095	0.32673	0.17167	2398807
peri_nongenic	TIL07_TEO	Wild	0.17930	0.32207	0.31783	0.18079	2471779
peri_nongenic	TIL08_TEO	Wild	0.16527	0.33648	0.33213	0.16613	2426952
peri_nongenic	TIL09_TEO	Wild	0.17830	0.32304	0.31893	0.17973	2498188
peri_nongenic	TIL10_TEO	Wild	0.17397	0.32762	0.32326	0.17515	2446809
peri_nongenic	TIL11_TEO	Wild	0.18270	0.31871	0.31457	0.18401	2081629
peri_nongenic	TIL12_TEO	Wild	0.17153	0.33054	0.32548	0.17244	1973263
peri_nongenic	TIL15_TEO	Wild	0.17326	0.32851	0.32369	0.17454	2349025
peri_nongenic	TIL16_TEO	Wild	0.17429	0.32784	0.32305	0.17483	2227108
peri_nongenic	TIL17_TEO	Wild	0.17437	0.32720	0.32256	0.17587	2267976
peri_nongenic	TIL25_TEO	Wild	0.16563	0.33605	0.33153	0.16678	2502075
peri_nongenic	TIL04-TIP454_TEO	Wild	0.17205	0.33006	0.32501	0.17287	2432455
peri_nongenic	TIL06-TIP496_TEO	Wild	0.17162	0.33003	0.32583	0.17252	2393139
peri_nongenic	TIL14_TEO	Wild	0.18001	0.32133	0.31704	0.18162	2441931
peri_nongenic	TX303_MZ	Improved	0.20122	0.29968	0.29600	0.20310	2629557
peri_nongenic	TZI8_MZ	Improved	0.20225	0.29863	0.29525	0.20387	2178327
peri_nongenic	VL0512447_MZ	Improved	0.20237	0.29888	0.29455	0.20420	2444860
peri_nongenic	VL05128_MZ	Improved	0.20269	0.29807	0.29448	0.20476	2602287
peri_nongenic	VL054178_MZ	Improved	0.20463	0.29660	0.29226	0.20651	2597355
peri_nongenic	VL05610_MZ	Improved	0.20353	0.29761	0.29361	0.20525	2648115
peri_nongenic	VL056883_MZ	Improved	0.20020	0.30068	0.29677	0.20235	2537210
peri_nongenic	VL062784_MZ	Improved	0.20403	0.29684	0.29329	0.20584	2571468
peri_nongenic	W22_MZ	Improved	0.20298	0.29831	0.29425	0.20446	2752482
peri_nongenic	W64A_MZ	Improved	0.20017	0.30085	0.29708	0.20190	2774562
nonperi_genic	B73_MZ	Improved	0.22293	0.27667	0.27708	0.22333	1305852
nonperi_genic	B97_MZ	Improved	0.22434	0.27557	0.27506	0.22504	1337163
nonperi_genic	BKN009_MZ	Landrace	0.22370	0.27615	0.27656	0.22359	1345729
nonperi_genic	BKN010_MZ	Landrace	0.22406	0.27520	0.27597	0.22477	1347850
nonperi_genic	BKN011_MZ	Landrace	0.22294	0.27669	0.27691	0.22346	1308751
nonperi_genic	BKN014_MZ	Landrace	0.22345	0.27585	0.27672	0.22398	1336391
nonperi_genic	BKN015_MZ	Landrace	0.22397	0.27597	0.27622	0.22384	1319674
nonperi_genic	BKN016_MZ	Landrace	0.22440	0.27546	0.27582	0.22433	1344314
nonperi_genic	BKN017_MZ	Landrace	0.22307	0.27690	0.27718	0.22285	1318350
nonperi_genic	BKN018_MZ	Landrace	0.22444	0.27537	0.27538	0.22481	1358155
nonperi_genic	BKN019_MZ	Landrace	0.22374	0.27581	0.27598	0.22447	1344364
nonperi_genic	BKN020_MZ	Landrace	0.22425	0.27527	0.27532	0.22516	1334891
nonperi_genic	BKN022_MZ	Landrace	0.22337	0.27649	0.27687	0.22327	1344725
nonperi_genic	BKN023_MZ	Landrace	0.22502	0.27534	0.27497	0.22467	1325781
nonperi_genic	BKN025_MZ	Landrace	0.22510	0.27486	0.27485	0.22519	1335834
nonperi_genic	BKN026_MZ	Landrace	0.22352	0.27631	0.27626	0.22391	1319003
nonperi_genic	BKN027_MZ	Landrace	0.22433	0.27531	0.27586	0.22450	1336147
nonperi_genic	BKN029_MZ	Landrace	0.22413	0.27584	0.27588	0.22415	1314808
nonperi_genic	BKN030_MZ	Landrace	0.22462	0.27556	0.27537	0.22446	1327241
nonperi_genic	BKN031_MZ	Landrace	0.22444	0.27520	0.27556	0.22480	1342964
nonperi_genic	BKN032_MZ	Landrace	0.22446	0.27555	0.27575	0.22423	1334378
nonperi_genic	BKN033_MZ	Landrace	0.22270	0.27633	0.27716	0.22382	1312656
nonperi_genic	BKN034_MZ	Landrace	0.22484	0.27511	0.27477	0.22528	1333265
nonperi_genic	BKN035_MZ	Landrace	0.22276	0.27695	0.27711	0.22318	1324017
nonperi_genic	BKN040_MZ	Landrace	0.22617	0.27414	0.27369	0.22601	1310051
nonperi_genic	CAU178_MZ	Improved	0.22299	0.27665	0.27682	0.22354	1330386
nonperi_genic	CAU478_MZ	Improved	0.22216	0.27811	0.27822	0.22151	1286075
nonperi_genic	CAU5003_MZ	Improved	0.22455	0.27559	0.27559	0.22428	1338731
nonperi_genic	CAUCHANG72_MZ	Improved	0.22279	0.27677	0.27702	0.22343	1352305
nonperi_genic	CAUMO17_MZ	Improved	0.22362	0.27576	0.27634	0.22428	1367229
nonperi_genic	CAUZHENG58_MZ	Improved	0.22475	0.27471	0.27538	0.22517	1359783
nonperi_genic	CML103_MZ	Improved	0.22369	0.27617	0.27628	0.22386	1275777
nonperi_genic	CML133_MZ	Improved	0.22566	0.27417	0.27417	0.22599	1295116
nonperi_genic	CML192_MZ	Improved	0.22601	0.27399	0.27422	0.22578	1251785
nonperi_genic	CML202_MZ	Improved	0.22456	0.27502	0.27503	0.22540	1239381
nonperi_genic	CML206_MZ	Improved	0.22643	0.27378	0.27369	0.22611	1236175
nonperi_genic	CML228_MZ	Improved	0.22326	0.27718	0.27649	0.22306	1250266
nonperi_genic	CML247_MZ	Improved	0.22142	0.27883	0.27817	0.22159	1160304
nonperi_genic	CML277_MZ	Improved	0.22182	0.27716	0.27809	0.22293	1215543
nonperi_genic	CML312SR_MZ	Improved	0.22673	0.27312	0.27313	0.22702	1235195
nonperi_genic	CML322_MZ	Improved	0.22215	0.27757	0.27756	0.22273	1227724
nonperi_genic	CML330_MZ	Improved	0.22508	0.27448	0.27436	0.22608	1236490
nonperi_genic	CML333_MZ	Improved	0.22458	0.27543	0.27540	0.22460	1342926
nonperi_genic	CML341_MZ	Improved	0.22591	0.27329	0.27417	0.22663	1240115
nonperi_genic	CML411_MZ	Improved	0.22624	0.27330	0.27371	0.22675	1243627
nonperi_genic	CML418_MZ	Improved	0.22556	0.27426	0.27440	0.22578	1227324
nonperi_genic	CML479_MZ	Improved	0.22447	0.27501	0.27501	0.22552	1255194
nonperi_genic	CML504_MZ	Improved	0.22603	0.27392	0.27343	0.22661	1243884
nonperi_genic	CML505_MZ	Improved	0.22576	0.27377	0.27451	0.22596	1270630
nonperi_genic	CML511_MZ	Improved	0.22602	0.27348	0.27359	0.22691	1244426
nonperi_genic	CML52_MZ	Improved	0.22246	0.27719	0.27694	0.22340	1261459
nonperi_genic	CML69_MZ	Improved	0.22410	0.27587	0.27572	0.22431	1325447
nonperi_genic	CML84_MZ	Improved	0.22551	0.27401	0.27466	0.22582	1284632
nonperi_genic	CML85_MZ	Improved	0.22546	0.27444	0.27429	0.22581	1300717
nonperi_genic	CML96_MZ	Improved	0.22620	0.27382	0.27369	0.22629	1258123
nonperi_genic	CML99_MZ	Improved	0.22542	0.27430	0.27428	0.22600	1285023
nonperi_genic	H16_MZ	Improved	0.22585	0.27430	0.27386	0.22600	1176681
nonperi_genic	HP301_MZ	Improved	0.22472	0.27552	0.27533	0.22443	1341011
nonperi_genic	IL14H_MZ	Improved	0.22492	0.27405	0.27531	0.22571	1333565
nonperi_genic	KI11_MZ	Improved	0.22388	0.27621	0.27620	0.22371	1260811
nonperi_genic	KI3_MZ	Improved	0.22433	0.27502	0.27558	0.22506	1369074
nonperi_genic	KY21_MZ	Improved	0.22043	0.27870	0.27994	0.22093	1152354
nonperi_genic	M162W_MZ	Improved	0.22341	0.27694	0.27646	0.22319	1288525
nonperi_genic	M37W_MZ	Improved	0.22285	0.27690	0.27704	0.22320	1266236
nonperi_genic	MO17_MZ	Improved	0.22372	0.27561	0.27621	0.22446	1302425
nonperi_genic	MO18W_MZ	Improved	0.22240	0.27757	0.27733	0.22270	1268359
nonperi_genic	MS71_MZ	Improved	0.22397	0.27603	0.27601	0.22399	1340006
nonperi_genic	NC350_MZ	Improved	0.22061	0.27927	0.27863	0.22149	1177102
nonperi_genic	NC358_MZ	Improved	0.22048	0.27943	0.27949	0.22060	1153951
nonperi_genic	OH43_MZ	Improved	0.22456	0.27538	0.27574	0.22431	1393013
nonperi_genic	OH7B_MZ	Improved	0.22331	0.27629	0.27645	0.22395	1276530
nonperi_genic	P1_MZ	Improved	0.22562	0.27453	0.27408	0.22577	1270893
nonperi_genic	P39_MZ	Improved	0.22372	0.27545	0.27607	0.22475	1309452
nonperi_genic	TIL01_TEO	Wild	0.21538	0.28482	0.28490	0.21490	1136221
nonperi_genic	TIL03_TEO	Wild	0.21758	0.28185	0.28278	0.21779	1212810
nonperi_genic	TIL05_TEO	Wild	0.21740	0.28276	0.28273	0.21710	1315500
nonperi_genic	TIL06-TIP260_TEO	Wild	0.21568	0.28442	0.28441	0.21549	1282284
nonperi_genic	TIL07_TEO	Wild	0.21648	0.28343	0.28373	0.21636	1290634
nonperi_genic	TIL08_TEO	Wild	0.21275	0.28720	0.28725	0.21280	1325370
nonperi_genic	TIL09_TEO	Wild	0.21679	0.28338	0.28325	0.21658	1318655
nonperi_genic	TIL10_TEO	Wild	0.21635	0.28331	0.28399	0.21635	1284011
nonperi_genic	TIL11_TEO	Wild	0.21741	0.28240	0.28317	0.21701	1099964
nonperi_genic	TIL12_TEO	Wild	0.21589	0.28385	0.28371	0.21656	1083473
nonperi_genic	TIL15_TEO	Wild	0.21502	0.28536	0.28526	0.21436	1289723
nonperi_genic	TIL16_TEO	Wild	0.21391	0.28594	0.28571	0.21444	1206036
nonperi_genic	TIL17_TEO	Wild	0.21708	0.28312	0.28297	0.21682	1219067
nonperi_genic	TIL25_TEO	Wild	0.21267	0.28688	0.28745	0.21300	1340723
nonperi_genic	TIL04-TIP454_TEO	Wild	0.21635	0.28357	0.28368	0.21641	1293877
nonperi_genic	TIL06-TIP496_TEO	Wild	0.21603	0.28427	0.28425	0.21545	1284971
nonperi_genic	TIL14_TEO	Wild	0.21692	0.28271	0.28321	0.21716	1270638
nonperi_genic	TX303_MZ	Improved	0.22437	0.27524	0.27522	0.22517	1310963
nonperi_genic	TZI8_MZ	Improved	0.22241	0.27688	0.27765	0.22306	1166860
nonperi_genic	VL0512447_MZ	Improved	0.22563	0.27405	0.27423	0.22608	1164530
