Iteration	Category	Strain	Group	A	C	G	T	Total
1	Genic	B73_MZ	Improved	0.22226	0.27739	0.27791	0.22244	1427520
1	Genic	B97_MZ	Improved	0.22379	0.27602	0.27599	0.22420	1462071
1	Genic	BKN009_MZ	Landrace	0.22282	0.27713	0.27740	0.22266	1472022
1	Genic	BKN010_MZ	Landrace	0.22331	0.27601	0.27699	0.22369	1474421
1	Genic	BKN011_MZ	Landrace	0.22228	0.27736	0.27768	0.22268	1435810
1	Genic	BKN014_MZ	Landrace	0.22286	0.27673	0.27740	0.22301	1463508
1	Genic	BKN015_MZ	Landrace	0.22317	0.27691	0.27700	0.22292	1444933
1	Genic	BKN016_MZ	Landrace	0.22379	0.27643	0.27655	0.22323	1470268
1	Genic	BKN017_MZ	Landrace	0.22242	0.27786	0.27787	0.22184	1440477
1	Genic	BKN018_MZ	Landrace	0.22403	0.27597	0.27598	0.22402	1485226
1	Genic	BKN019_MZ	Landrace	0.22313	0.27657	0.27675	0.22355	1470962
1	Genic	BKN020_MZ	Landrace	0.22359	0.27586	0.27616	0.22439	1457615
1	Genic	BKN022_MZ	Landrace	0.22237	0.27739	0.27783	0.22242	1467346
1	Genic	BKN023_MZ	Landrace	0.22418	0.27599	0.27598	0.22386	1450550
1	Genic	BKN025_MZ	Landrace	0.22412	0.27560	0.27590	0.22439	1462939
1	Genic	BKN026_MZ	Landrace	0.22288	0.27710	0.27720	0.22282	1444278
1	Genic	BKN027_MZ	Landrace	0.22364	0.27609	0.27650	0.22377	1461450
1	Genic	BKN029_MZ	Landrace	0.22333	0.27696	0.27674	0.22297	1436577
1	Genic	BKN030_MZ	Landrace	0.22374	0.27623	0.27634	0.22369	1451696
1	Genic	BKN031_MZ	Landrace	0.22366	0.27600	0.27636	0.22398	1467359
1	Genic	BKN032_MZ	Landrace	0.22366	0.27626	0.27654	0.22355	1460237
1	Genic	BKN033_MZ	Landrace	0.22198	0.27729	0.27783	0.22290	1438080
1	Genic	BKN034_MZ	Landrace	0.22442	0.27576	0.27561	0.22421	1455935
1	Genic	BKN035_MZ	Landrace	0.22195	0.27786	0.27799	0.22220	1446692
1	Genic	BKN040_MZ	Landrace	0.22553	0.27482	0.27460	0.22504	1433870
1	Genic	CAU178_MZ	Improved	0.22229	0.27742	0.27774	0.22255	1450657
1	Genic	CAU478_MZ	Improved	0.22147	0.27896	0.27899	0.22057	1407462
1	Genic	CAU5003_MZ	Improved	0.22389	0.27652	0.27626	0.22333	1463672
1	Genic	CAUCHANG72_MZ	Improved	0.22217	0.27767	0.27779	0.22237	1477867
1	Genic	CAUMO17_MZ	Improved	0.22331	0.27654	0.27677	0.22338	1494812
1	Genic	CAUZHENG58_MZ	Improved	0.22425	0.27548	0.27613	0.22413	1486259
1	Genic	CML103_MZ	Improved	0.22306	0.27697	0.27700	0.22298	1391141
1	Genic	CML133_MZ	Improved	0.22490	0.27496	0.27499	0.22515	1415893
1	Genic	CML192_MZ	Improved	0.22558	0.27460	0.27501	0.22482	1369075
1	Genic	CML202_MZ	Improved	0.22383	0.27549	0.27600	0.22468	1354050
1	Genic	CML206_MZ	Improved	0.22576	0.27425	0.27445	0.22555	1352505
1	Genic	CML228_MZ	Improved	0.22267	0.27763	0.27726	0.22243	1366351
1	Genic	CML247_MZ	Improved	0.22073	0.27934	0.27901	0.22092	1267657
1	Genic	CML277_MZ	Improved	0.22133	0.27787	0.27863	0.22217	1329365
1	Genic	CML312SR_MZ	Improved	0.22617	0.27382	0.27391	0.22610	1349890
1	Genic	CML322_MZ	Improved	0.22153	0.27849	0.27826	0.22172	1341502
1	Genic	CML330_MZ	Improved	0.22445	0.27509	0.27526	0.22520	1353431
1	Genic	CML333_MZ	Improved	0.22407	0.27612	0.27603	0.22377	1468309
1	Genic	CML341_MZ	Improved	0.22517	0.27419	0.27508	0.22556	1356796
1	Genic	CML411_MZ	Improved	0.22583	0.27397	0.27425	0.22595	1359611
1	Genic	CML418_MZ	Improved	0.22471	0.27519	0.27520	0.22490	1342345
1	Genic	CML479_MZ	Improved	0.22390	0.27564	0.27570	0.22476	1373034
1	Genic	CML504_MZ	Improved	0.22542	0.27463	0.27422	0.22574	1358892
1	Genic	CML505_MZ	Improved	0.22497	0.27472	0.27509	0.22522	1390540
1	Genic	CML511_MZ	Improved	0.22529	0.27401	0.27444	0.22626	1361101
1	Genic	CML52_MZ	Improved	0.22225	0.27746	0.27757	0.22272	1380908
1	Genic	CML69_MZ	Improved	0.22358	0.27640	0.27655	0.22347	1448615
1	Genic	CML84_MZ	Improved	0.22477	0.27481	0.27540	0.22501	1404824
1	Genic	CML85_MZ	Improved	0.22463	0.27520	0.27527	0.22490	1421575
1	Genic	CML96_MZ	Improved	0.22549	0.27461	0.27453	0.22537	1375182
1	Genic	CML99_MZ	Improved	0.22472	0.27506	0.27501	0.22521	1406373
1	Genic	H16_MZ	Improved	0.22512	0.27486	0.27483	0.22519	1288768
1	Genic	HP301_MZ	Improved	0.22399	0.27609	0.27623	0.22368	1465218
1	Genic	IL14H_MZ	Improved	0.22411	0.27520	0.27618	0.22451	1456398
1	Genic	KI11_MZ	Improved	0.22333	0.27686	0.27687	0.22294	1378339
1	Genic	KI3_MZ	Improved	0.22342	0.27560	0.27652	0.22447	1496625
1	Genic	KY21_MZ	Improved	0.22000	0.27930	0.28044	0.22025	1260460
1	Genic	M162W_MZ	Improved	0.22264	0.27781	0.27719	0.22236	1409193
1	Genic	M37W_MZ	Improved	0.22218	0.27775	0.27792	0.22214	1384550
1	Genic	MO17_MZ	Improved	0.22344	0.27637	0.27657	0.22362	1423361
1	Genic	MO18W_MZ	Improved	0.22202	0.27828	0.27779	0.22190	1387538
1	Genic	MS71_MZ	Improved	0.22346	0.27678	0.27665	0.22311	1464553
1	Genic	NC350_MZ	Improved	0.21989	0.27972	0.27933	0.22106	1286953
1	Genic	NC358_MZ	Improved	0.21993	0.28015	0.28017	0.21976	1262770
1	Genic	OH43_MZ	Improved	0.22381	0.27621	0.27665	0.22333	1522874
1	Genic	OH7B_MZ	Improved	0.22270	0.27723	0.27721	0.22286	1396172
1	Genic	P1_MZ	Improved	0.22483	0.27503	0.27488	0.22525	1389034
1	Genic	P39_MZ	Improved	0.22326	0.27604	0.27689	0.22381	1431181
1	Genic	TIL01_TEO	Wild	0.21387	0.28629	0.28637	0.21348	1239771
1	Genic	TIL03_TEO	Wild	0.21636	0.28300	0.28391	0.21673	1325393
1	Genic	TIL05_TEO	Wild	0.21570	0.28418	0.28455	0.21558	1434464
1	Genic	TIL06-TIP260_TEO	Wild	0.21376	0.28648	0.28622	0.21354	1400103
1	Genic	TIL07_TEO	Wild	0.21526	0.28484	0.28500	0.21490	1410263
1	Genic	TIL08_TEO	Wild	0.21111	0.28881	0.28905	0.21102	1446820
1	Genic	TIL09_TEO	Wild	0.21551	0.28485	0.28440	0.21524	1443151
1	Genic	TIL10_TEO	Wild	0.21497	0.28504	0.28555	0.21444	1404322
1	Genic	TIL11_TEO	Wild	0.21613	0.28360	0.28423	0.21604	1201569
1	Genic	TIL12_TEO	Wild	0.21410	0.28581	0.28542	0.21467	1182147
1	Genic	TIL15_TEO	Wild	0.21347	0.28689	0.28673	0.21291	1409451
1	Genic	TIL16_TEO	Wild	0.21240	0.28741	0.28731	0.21288	1317310
1	Genic	TIL17_TEO	Wild	0.21548	0.28498	0.28456	0.21497	1331832
1	Genic	TIL25_TEO	Wild	0.21108	0.28894	0.28897	0.21101	1463901
1	Genic	TIL04-TIP454_TEO	Wild	0.21475	0.28520	0.28532	0.21473	1410482
1	Genic	TIL06-TIP496_TEO	Wild	0.21423	0.28636	0.28598	0.21343	1403733
1	Genic	TIL14_TEO	Wild	0.21564	0.28407	0.28444	0.21585	1387718
1	Genic	TX303_MZ	Improved	0.22375	0.27593	0.27604	0.22427	1432609
1	Genic	TZI8_MZ	Improved	0.22206	0.27764	0.27803	0.22227	1273335
1	Genic	VL0512447_MZ	Improved	0.22506	0.27475	0.27490	0.22529	1273932
1	Genic	VL05128_MZ	Improved	0.22389	0.27607	0.27624	0.22380	1364395
1	Genic	VL054178_MZ	Improved	0.22515	0.27422	0.27485	0.22578	1389231
1	Genic	VL05610_MZ	Improved	0.22682	0.27355	0.27287	0.22677	1397653
1	Genic	VL056883_MZ	Improved	0.22350	0.27617	0.27687	0.22346	1370731
1	Genic	VL062784_MZ	Improved	0.22411	0.27614	0.27589	0.22386	1373946
1	Genic	W22_MZ	Improved	0.22414	0.27567	0.27575	0.22444	1484908
1	Genic	W64A_MZ	Improved	0.22305	0.27628	0.27695	0.22372	1511522
1	Nongenic	B73_MZ	Improved	0.20213	0.29840	0.29631	0.20316	1410210
1	Nongenic	B97_MZ	Improved	0.20413	0.29631	0.29434	0.20522	1426908
1	Nongenic	BKN009_MZ	Landrace	0.20247	0.29901	0.29643	0.20209	1440881
1	Nongenic	BKN010_MZ	Landrace	0.20339	0.29742	0.29520	0.20399	1447827
1	Nongenic	BKN011_MZ	Landrace	0.20114	0.29993	0.29737	0.20156	1409931
1	Nongenic	BKN014_MZ	Landrace	0.20224	0.29873	0.29629	0.20273	1432402
1	Nongenic	BKN015_MZ	Landrace	0.20257	0.29790	0.29629	0.20324	1420972
1	Nongenic	BKN016_MZ	Landrace	0.20309	0.29840	0.29523	0.20328	1435821
1	Nongenic	BKN017_MZ	Landrace	0.20112	0.30001	0.29773	0.20114	1385915
1	Nongenic	BKN018_MZ	Landrace	0.20494	0.29559	0.29345	0.20603	1455078
1	Nongenic	BKN019_MZ	Landrace	0.20349	0.29743	0.29508	0.20400	1443345
1	Nongenic	BKN020_MZ	Landrace	0.20355	0.29764	0.29464	0.20417	1430349
1	Nongenic	BKN022_MZ	Landrace	0.20188	0.29891	0.29655	0.20266	1427411
1	Nongenic	BKN023_MZ	Landrace	0.20325	0.29723	0.29550	0.20402	1427223
1	Nongenic	BKN025_MZ	Landrace	0.20430	0.29620	0.29420	0.20531	1444582
1	Nongenic	BKN026_MZ	Landrace	0.20084	0.30026	0.29740	0.20150	1412650
1	Nongenic	BKN027_MZ	Landrace	0.20371	0.29702	0.29467	0.20460	1436200
1	Nongenic	BKN029_MZ	Landrace	0.20095	0.29971	0.29773	0.20160	1399863
1	Nongenic	BKN030_MZ	Landrace	0.20268	0.29782	0.29564	0.20385	1420791
1	Nongenic	BKN031_MZ	Landrace	0.20395	0.29708	0.29483	0.20415	1445726
1	Nongenic	BKN032_MZ	Landrace	0.20360	0.29704	0.29513	0.20423	1439154
1	Nongenic	BKN033_MZ	Landrace	0.20147	0.29966	0.29733	0.20154	1409462
1	Nongenic	BKN034_MZ	Landrace	0.20413	0.29616	0.29408	0.20563	1426423
1	Nongenic	BKN035_MZ	Landrace	0.20084	0.30007	0.29776	0.20132	1409881
1	Nongenic	BKN040_MZ	Landrace	0.20596	0.29496	0.29272	0.20635	1404261
1	Nongenic	CAU178_MZ	Improved	0.20160	0.29921	0.29680	0.20240	1410414
1	Nongenic	CAU478_MZ	Improved	0.20200	0.29844	0.29636	0.20320	1404023
1	Nongenic	CAU5003_MZ	Improved	0.20363	0.29708	0.29489	0.20440	1420658
1	Nongenic	CAUCHANG72_MZ	Improved	0.20104	0.29963	0.29749	0.20184	1436352
1	Nongenic	CAUMO17_MZ	Improved	0.20356	0.29716	0.29518	0.20410	1470246
1	Nongenic	CAUZHENG58_MZ	Improved	0.20449	0.29649	0.29395	0.20507	1453999
1	Nongenic	CML103_MZ	Improved	0.20345	0.29690	0.29476	0.20489	1349531
1	Nongenic	CML133_MZ	Improved	0.20570	0.29549	0.29286	0.20595	1394222
1	Nongenic	CML192_MZ	Improved	0.20579	0.29441	0.29270	0.20710	1351472
1	Nongenic	CML202_MZ	Improved	0.20488	0.29625	0.29401	0.20485	1331135
1	Nongenic	CML206_MZ	Improved	0.20638	0.29501	0.29200	0.20660	1348901
1	Nongenic	CML228_MZ	Improved	0.20392	0.29653	0.29483	0.20473	1320376
1	Nongenic	CML247_MZ	Improved	0.20192	0.29872	0.29700	0.20237	1205694
1	Nongenic	CML277_MZ	Improved	0.20291	0.29805	0.29550	0.20355	1277082
1	Nongenic	CML312SR_MZ	Improved	0.20532	0.29484	0.29320	0.20664	1334113
1	Nongenic	CML322_MZ	Improved	0.20329	0.29785	0.29541	0.20345	1291793
1	Nongenic	CML330_MZ	Improved	0.20551	0.29561	0.29294	0.20594	1355771
1	Nongenic	CML333_MZ	Improved	0.20502	0.29600	0.29347	0.20551	1434486
1	Nongenic	CML341_MZ	Improved	0.20580	0.29555	0.29253	0.20611	1351760
1	Nongenic	CML411_MZ	Improved	0.20631	0.29451	0.29227	0.20691	1346931
1	Nongenic	CML418_MZ	Improved	0.20504	0.29596	0.29349	0.20550	1329262
1	Nongenic	CML479_MZ	Improved	0.20455	0.29611	0.29400	0.20534	1353465
1	Nongenic	CML504_MZ	Improved	0.20572	0.29523	0.29263	0.20642	1338048
1	Nongenic	CML505_MZ	Improved	0.20643	0.29480	0.29221	0.20656	1396435
1	Nongenic	CML511_MZ	Improved	0.20572	0.29523	0.29301	0.20604	1361979
1	Nongenic	CML52_MZ	Improved	0.20311	0.29725	0.29547	0.20418	1364406
1	Nongenic	CML69_MZ	Improved	0.20442	0.29615	0.29420	0.20523	1412438
1	Nongenic	CML84_MZ	Improved	0.20471	0.29624	0.29394	0.20512	1380957
1	Nongenic	CML85_MZ	Improved	0.20463	0.29639	0.29363	0.20534	1396415
1	Nongenic	CML96_MZ	Improved	0.20508	0.29556	0.29362	0.20574	1356404
1	Nongenic	CML99_MZ	Improved	0.20568	0.29555	0.29265	0.20612	1385147
1	Nongenic	H16_MZ	Improved	0.20554	0.29540	0.29301	0.20606	1307834
1	Nongenic	HP301_MZ	Improved	0.20404	0.29682	0.29425	0.20489	1431320
1	Nongenic	IL14H_MZ	Improved	0.20386	0.29699	0.29473	0.20442	1409059
1	Nongenic	KI11_MZ	Improved	0.20343	0.29731	0.29505	0.20420	1331823
1	Nongenic	KI3_MZ	Improved	0.20386	0.29650	0.29471	0.20493	1465942
1	Nongenic	KY21_MZ	Improved	0.20073	0.30018	0.29748	0.20161	1215956
1	Nongenic	M162W_MZ	Improved	0.20327	0.29798	0.29517	0.20357	1373137
1	Nongenic	M37W_MZ	Improved	0.20286	0.29785	0.29579	0.20350	1349039
1	Nongenic	MO17_MZ	Improved	0.20531	0.29536	0.29339	0.20593	1382709
1	Nongenic	MO18W_MZ	Improved	0.20220	0.29763	0.29656	0.20361	1346538
1	Nongenic	MS71_MZ	Improved	0.20347	0.29707	0.29516	0.20430	1434003
1	Nongenic	NC350_MZ	Improved	0.20189	0.29878	0.29637	0.20295	1240498
1	Nongenic	NC358_MZ	Improved	0.20126	0.29964	0.29715	0.20195	1218302
1	Nongenic	OH43_MZ	Improved	0.20290	0.29817	0.29576	0.20317	1491952
1	Nongenic	OH7B_MZ	Improved	0.20298	0.29789	0.29548	0.20365	1351050
1	Nongenic	P1_MZ	Improved	0.20573	0.29577	0.29281	0.20569	1365560
1	Nongenic	P39_MZ	Improved	0.20338	0.29789	0.29521	0.20352	1381441
1	Nongenic	TIL01_TEO	Wild	0.18364	0.31701	0.31509	0.18425	1125808
1	Nongenic	TIL03_TEO	Wild	0.18859	0.31250	0.30985	0.18906	1252570
1	Nongenic	TIL05_TEO	Wild	0.18580	0.31538	0.31287	0.18595	1337317
1	Nongenic	TIL06-TIP260_TEO	Wild	0.18218	0.31942	0.31682	0.18158	1300939
1	Nongenic	TIL07_TEO	Wild	0.18644	0.31490	0.31222	0.18644	1324319
1	Nongenic	TIL08_TEO	Wild	0.17664	0.32502	0.32253	0.17581	1317817
1	Nongenic	TIL09_TEO	Wild	0.18636	0.31469	0.31244	0.18651	1350698
1	Nongenic	TIL10_TEO	Wild	0.18429	0.31742	0.31433	0.18396	1316815
1	Nongenic	TIL11_TEO	Wild	0.18873	0.31254	0.30969	0.18905	1120455
1	Nongenic	TIL12_TEO	Wild	0.18269	0.31926	0.31619	0.18186	1074079
1	Nongenic	TIL15_TEO	Wild	0.18275	0.31917	0.31600	0.18208	1295260
1	Nongenic	TIL16_TEO	Wild	0.18275	0.31924	0.31569	0.18231	1201649
1	Nongenic	TIL17_TEO	Wild	0.18484	0.31635	0.31362	0.18520	1237328
1	Nongenic	TIL25_TEO	Wild	0.17687	0.32469	0.32179	0.17665	1345153
1	Nongenic	TIL04-TIP454_TEO	Wild	0.18348	0.31878	0.31526	0.18248	1316087
1	Nongenic	TIL06-TIP496_TEO	Wild	0.18293	0.31872	0.31625	0.18210	1287384
1	Nongenic	TIL14_TEO	Wild	0.18719	0.31405	0.31154	0.18722	1305504
1	Nongenic	TX303_MZ	Improved	0.20380	0.29632	0.29497	0.20491	1393990
1	Nongenic	TZI8_MZ	Improved	0.20418	0.29624	0.29454	0.20504	1194818
1	Nongenic	VL0512447_MZ	Improved	0.20474	0.29624	0.29332	0.20570	1288453
1	Nongenic	VL05128_MZ	Improved	0.20493	0.29562	0.29390	0.20556	1364696
1	Nongenic	VL054178_MZ	Improved	0.20612	0.29484	0.29239	0.20665	1369729
1	Nongenic	VL05610_MZ	Improved	0.20592	0.29500	0.29268	0.20641	1403672
1	Nongenic	VL056883_MZ	Improved	0.20351	0.29676	0.29492	0.20481	1343174
1	Nongenic	VL062784_MZ	Improved	0.20601	0.29497	0.29278	0.20624	1350582
1	Nongenic	W22_MZ	Improved	0.20546	0.29572	0.29330	0.20551	1467774
1	Nongenic	W64A_MZ	Improved	0.20310	0.29774	0.29555	0.20361	1485444
2	Genic	B73_MZ	Improved	0.22221	0.27754	0.27778	0.22247	1427976
2	Genic	B97_MZ	Improved	0.22389	0.27616	0.27568	0.22427	1462693
2	Genic	BKN009_MZ	Landrace	0.22300	0.27705	0.27732	0.22263	1472529
2	Genic	BKN010_MZ	Landrace	0.22342	0.27624	0.27672	0.22361	1474851
2	Genic	BKN011_MZ	Landrace	0.22235	0.27746	0.27759	0.22261	1436446
2	Genic	BKN014_MZ	Landrace	0.22292	0.27683	0.27726	0.22299	1464190
2	Genic	BKN015_MZ	Landrace	0.22325	0.27699	0.27689	0.22288	1445520
2	Genic	BKN016_MZ	Landrace	0.22385	0.27653	0.27642	0.22319	1470807
2	Genic	BKN017_MZ	Landrace	0.22245	0.27789	0.27788	0.22177	1441097
2	Genic	BKN018_MZ	Landrace	0.22399	0.27607	0.27598	0.22396	1485643
2	Genic	BKN019_MZ	Landrace	0.22317	0.27647	0.27677	0.22359	1471546
2	Genic	BKN020_MZ	Landrace	0.22361	0.27588	0.27626	0.22425	1458047
2	Genic	BKN022_MZ	Landrace	0.22255	0.27724	0.27771	0.22250	1467657
2	Genic	BKN023_MZ	Landrace	0.22407	0.27594	0.27603	0.22396	1451108
2	Genic	BKN025_MZ	Landrace	0.22430	0.27563	0.27567	0.22440	1463188
2	Genic	BKN026_MZ	Landrace	0.22277	0.27715	0.27725	0.22284	1444602
2	Genic	BKN027_MZ	Landrace	0.22378	0.27618	0.27651	0.22353	1461787
2	Genic	BKN029_MZ	Landrace	0.22329	0.27697	0.27669	0.22304	1437248
2	Genic	BKN030_MZ	Landrace	0.22387	0.27638	0.27624	0.22351	1452176
2	Genic	BKN031_MZ	Landrace	0.22383	0.27606	0.27623	0.22388	1467844
2	Genic	BKN032_MZ	Landrace	0.22385	0.27635	0.27620	0.22360	1461044
2	Genic	BKN033_MZ	Landrace	0.22228	0.27736	0.27760	0.22276	1438611
2	Genic	BKN034_MZ	Landrace	0.22442	0.27583	0.27549	0.22426	1456314
2	Genic	BKN035_MZ	Landrace	0.22214	0.27781	0.27797	0.22207	1447414
2	Genic	BKN040_MZ	Landrace	0.22561	0.27481	0.27432	0.22527	1434143
2	Genic	CAU178_MZ	Improved	0.22255	0.27748	0.27754	0.22243	1451301
2	Genic	CAU478_MZ	Improved	0.22154	0.27900	0.27865	0.22082	1407921
2	Genic	CAU5003_MZ	Improved	0.22408	0.27645	0.27600	0.22347	1464112
2	Genic	CAUCHANG72_MZ	Improved	0.22222	0.27785	0.27764	0.22229	1478448
2	Genic	CAUMO17_MZ	Improved	0.22326	0.27658	0.27666	0.22350	1495439
2	Genic	CAUZHENG58_MZ	Improved	0.22425	0.27564	0.27580	0.22431	1486748
2	Genic	CML103_MZ	Improved	0.22303	0.27714	0.27679	0.22304	1391709
2	Genic	CML133_MZ	Improved	0.22525	0.27498	0.27464	0.22513	1416665
2	Genic	CML192_MZ	Improved	0.22557	0.27477	0.27486	0.22480	1369694
2	Genic	CML202_MZ	Improved	0.22395	0.27566	0.27591	0.22448	1354320
2	Genic	CML206_MZ	Improved	0.22587	0.27423	0.27434	0.22557	1353084
2	Genic	CML228_MZ	Improved	0.22260	0.27775	0.27720	0.22244	1367034
2	Genic	CML247_MZ	Improved	0.22091	0.27934	0.27882	0.22092	1267907
2	Genic	CML277_MZ	Improved	0.22138	0.27798	0.27854	0.22210	1329756
2	Genic	CML312SR_MZ	Improved	0.22605	0.27392	0.27398	0.22605	1350670
2	Genic	CML322_MZ	Improved	0.22172	0.27838	0.27820	0.22170	1341721
2	Genic	CML330_MZ	Improved	0.22469	0.27503	0.27506	0.22521	1353858
2	Genic	CML333_MZ	Improved	0.22415	0.27622	0.27581	0.22382	1468889
2	Genic	CML341_MZ	Improved	0.22540	0.27423	0.27492	0.22545	1357138
2	Genic	CML411_MZ	Improved	0.22576	0.27379	0.27435	0.22610	1360238
2	Genic	CML418_MZ	Improved	0.22479	0.27510	0.27520	0.22491	1342781
2	Genic	CML479_MZ	Improved	0.22409	0.27576	0.27552	0.22463	1373767
2	Genic	CML504_MZ	Improved	0.22565	0.27464	0.27393	0.22579	1359511
2	Genic	CML505_MZ	Improved	0.22516	0.27470	0.27490	0.22524	1391343
2	Genic	CML511_MZ	Improved	0.22522	0.27426	0.27432	0.22620	1361537
2	Genic	CML52_MZ	Improved	0.22232	0.27738	0.27755	0.22274	1381459
2	Genic	CML69_MZ	Improved	0.22377	0.27648	0.27634	0.22342	1449235
2	Genic	CML84_MZ	Improved	0.22472	0.27503	0.27531	0.22494	1405420
2	Genic	CML85_MZ	Improved	0.22491	0.27532	0.27499	0.22478	1421754
2	Genic	CML96_MZ	Improved	0.22558	0.27467	0.27444	0.22531	1375693
2	Genic	CML99_MZ	Improved	0.22504	0.27502	0.27484	0.22510	1406693
2	Genic	H16_MZ	Improved	0.22525	0.27502	0.27453	0.22520	1288954
2	Genic	HP301_MZ	Improved	0.22399	0.27623	0.27624	0.22354	1465627
2	Genic	IL14H_MZ	Improved	0.22422	0.27514	0.27600	0.22463	1456854
2	Genic	KI11_MZ	Improved	0.22322	0.27703	0.27692	0.22283	1378726
2	Genic	KI3_MZ	Improved	0.22353	0.27564	0.27642	0.22441	1497182
2	Genic	KY21_MZ	Improved	0.22004	0.27946	0.28037	0.22014	1261079
2	Genic	M162W_MZ	Improved	0.22278	0.27756	0.27727	0.22239	1409777
2	Genic	M37W_MZ	Improved	0.22241	0.27776	0.27767	0.22216	1385037
2	Genic	MO17_MZ	Improved	0.22338	0.27641	0.27646	0.22376	1423887
2	Genic	MO18W_MZ	Improved	0.22222	0.27831	0.27759	0.22188	1387840
2	Genic	MS71_MZ	Improved	0.22353	0.27673	0.27657	0.22317	1465294
2	Genic	NC350_MZ	Improved	0.21996	0.27981	0.27928	0.22094	1287701
2	Genic	NC358_MZ	Improved	0.22005	0.28019	0.28000	0.21976	1263371
2	Genic	OH43_MZ	Improved	0.22386	0.27625	0.27639	0.22349	1523443
2	Genic	OH7B_MZ	Improved	0.22276	0.27710	0.27713	0.22300	1396821
2	Genic	P1_MZ	Improved	0.22504	0.27504	0.27471	0.22521	1389672
2	Genic	P39_MZ	Improved	0.22332	0.27626	0.27671	0.22372	1431788
2	Genic	TIL01_TEO	Wild	0.21398	0.28629	0.28618	0.21354	1240460
2	Genic	TIL03_TEO	Wild	0.21657	0.28315	0.28372	0.21657	1325592
2	Genic	TIL05_TEO	Wild	0.21581	0.28414	0.28436	0.21569	1434962
2	Genic	TIL06-TIP260_TEO	Wild	0.21399	0.28624	0.28618	0.21359	1400672
2	Genic	TIL07_TEO	Wild	0.21536	0.28475	0.28487	0.21502	1410827
2	Genic	TIL08_TEO	Wild	0.21127	0.28878	0.28890	0.21105	1447359
2	Genic	TIL09_TEO	Wild	0.21556	0.28505	0.28439	0.21500	1443665
2	Genic	TIL10_TEO	Wild	0.21490	0.28492	0.28541	0.21477	1404851
2	Genic	TIL11_TEO	Wild	0.21626	0.28371	0.28410	0.21593	1201961
2	Genic	TIL12_TEO	Wild	0.21410	0.28593	0.28535	0.21463	1183103
2	Genic	TIL15_TEO	Wild	0.21367	0.28681	0.28664	0.21289	1410044
2	Genic	TIL16_TEO	Wild	0.21257	0.28759	0.28697	0.21287	1317738
2	Genic	TIL17_TEO	Wild	0.21546	0.28515	0.28434	0.21505	1332787
2	Genic	TIL25_TEO	Wild	0.21111	0.28892	0.28892	0.21105	1464502
2	Genic	TIL04-TIP454_TEO	Wild	0.21489	0.28526	0.28529	0.21456	1410858
2	Genic	TIL06-TIP496_TEO	Wild	0.21441	0.28602	0.28601	0.21357	1404361
2	Genic	TIL14_TEO	Wild	0.21565	0.28409	0.28441	0.21584	1388407
2	Genic	TX303_MZ	Improved	0.22380	0.27606	0.27585	0.22428	1433165
2	Genic	TZI8_MZ	Improved	0.22213	0.27767	0.27804	0.22216	1273892
2	Genic	VL0512447_MZ	Improved	0.22492	0.27474	0.27511	0.22524	1274293
2	Genic	VL05128_MZ	Improved	0.22401	0.27601	0.27606	0.22392	1364699
2	Genic	VL054178_MZ	Improved	0.22522	0.27440	0.27477	0.22561	1389771
2	Genic	VL05610_MZ	Improved	0.22684	0.27365	0.27269	0.22683	1398200
2	Genic	VL056883_MZ	Improved	0.22361	0.27607	0.27673	0.22360	1371572
2	Genic	VL062784_MZ	Improved	0.22409	0.27601	0.27591	0.22399	1374447
2	Genic	W22_MZ	Improved	0.22421	0.27571	0.27565	0.22443	1485328
2	Genic	W64A_MZ	Improved	0.22321	0.27637	0.27673	0.22370	1512091
2	Nongenic	B73_MZ	Improved	0.20208	0.29890	0.29546	0.20356	1410272
2	Nongenic	B97_MZ	Improved	0.20435	0.29614	0.29366	0.20585	1426830
2	Nongenic	BKN009_MZ	Landrace	0.20201	0.29924	0.29586	0.20289	1441127
2	Nongenic	BKN010_MZ	Landrace	0.20317	0.29723	0.29475	0.20485	1448131
2	Nongenic	BKN011_MZ	Landrace	0.20086	0.29979	0.29710	0.20226	1409207
2	Nongenic	BKN014_MZ	Landrace	0.20155	0.29896	0.29640	0.20308	1431877
2	Nongenic	BKN015_MZ	Landrace	0.20280	0.29820	0.29521	0.20380	1421003
2	Nongenic	BKN016_MZ	Landrace	0.20236	0.29823	0.29558	0.20383	1435143
2	Nongenic	BKN017_MZ	Landrace	0.20056	0.30041	0.29738	0.20166	1385230
2	Nongenic	BKN018_MZ	Landrace	0.20527	0.29577	0.29271	0.20625	1454146
2	Nongenic	BKN019_MZ	Landrace	0.20354	0.29745	0.29461	0.20440	1443708
2	Nongenic	BKN020_MZ	Landrace	0.20375	0.29757	0.29426	0.20442	1429845
2	Nongenic	BKN022_MZ	Landrace	0.20211	0.29895	0.29590	0.20303	1427127
2	Nongenic	BKN023_MZ	Landrace	0.20360	0.29740	0.29452	0.20449	1427278
2	Nongenic	BKN025_MZ	Landrace	0.20473	0.29613	0.29338	0.20576	1444335
2	Nongenic	BKN026_MZ	Landrace	0.20078	0.29978	0.29743	0.20201	1412081
2	Nongenic	BKN027_MZ	Landrace	0.20334	0.29729	0.29454	0.20483	1435589
2	Nongenic	BKN029_MZ	Landrace	0.20126	0.29964	0.29715	0.20194	1399661
2	Nongenic	BKN030_MZ	Landrace	0.20291	0.29812	0.29533	0.20364	1420516
2	Nongenic	BKN031_MZ	Landrace	0.20391	0.29697	0.29384	0.20528	1445224
2	Nongenic	BKN032_MZ	Landrace	0.20353	0.29725	0.29454	0.20469	1438626
2	Nongenic	BKN033_MZ	Landrace	0.20106	0.29977	0.29714	0.20202	1408613
2	Nongenic	BKN034_MZ	Landrace	0.20439	0.29681	0.29321	0.20559	1426126
2	Nongenic	BKN035_MZ	Landrace	0.20032	0.30036	0.29758	0.20174	1409748
2	Nongenic	BKN040_MZ	Landrace	0.20598	0.29502	0.29204	0.20696	1403851
2	Nongenic	CAU178_MZ	Improved	0.20150	0.29909	0.29669	0.20272	1410486
2	Nongenic	CAU478_MZ	Improved	0.20200	0.29879	0.29596	0.20325	1403834
2	Nongenic	CAU5003_MZ	Improved	0.20404	0.29745	0.29411	0.20440	1420417
2	Nongenic	CAUCHANG72_MZ	Improved	0.20114	0.29983	0.29688	0.20215	1435228
2	Nongenic	CAUMO17_MZ	Improved	0.20332	0.29726	0.29482	0.20461	1469651
2	Nongenic	CAUZHENG58_MZ	Improved	0.20430	0.29648	0.29371	0.20552	1453501
2	Nongenic	CML103_MZ	Improved	0.20381	0.29706	0.29411	0.20502	1350526
2	Nongenic	CML133_MZ	Improved	0.20517	0.29581	0.29267	0.20635	1392989
2	Nongenic	CML192_MZ	Improved	0.20610	0.29435	0.29186	0.20768	1352280
2	Nongenic	CML202_MZ	Improved	0.20449	0.29637	0.29369	0.20545	1330397
2	Nongenic	CML206_MZ	Improved	0.20594	0.29476	0.29201	0.20729	1348918
2	Nongenic	CML228_MZ	Improved	0.20399	0.29703	0.29396	0.20502	1320775
2	Nongenic	CML247_MZ	Improved	0.20225	0.29922	0.29577	0.20276	1204792
2	Nongenic	CML277_MZ	Improved	0.20308	0.29818	0.29441	0.20434	1276387
2	Nongenic	CML312SR_MZ	Improved	0.20574	0.29536	0.29230	0.20660	1334392
2	Nongenic	CML322_MZ	Improved	0.20314	0.29790	0.29488	0.20409	1291417
2	Nongenic	CML330_MZ	Improved	0.20507	0.29572	0.29252	0.20669	1355119
2	Nongenic	CML333_MZ	Improved	0.20492	0.29643	0.29287	0.20577	1433672
2	Nongenic	CML341_MZ	Improved	0.20578	0.29513	0.29206	0.20703	1351742
2	Nongenic	CML411_MZ	Improved	0.20592	0.29464	0.29214	0.20729	1345432
2	Nongenic	CML418_MZ	Improved	0.20468	0.29602	0.29318	0.20612	1328257
2	Nongenic	CML479_MZ	Improved	0.20457	0.29615	0.29347	0.20581	1352542
2	Nongenic	CML504_MZ	Improved	0.20583	0.29542	0.29193	0.20682	1337431
2	Nongenic	CML505_MZ	Improved	0.20608	0.29487	0.29209	0.20696	1396541
2	Nongenic	CML511_MZ	Improved	0.20586	0.29541	0.29253	0.20620	1361653
2	Nongenic	CML52_MZ	Improved	0.20369	0.29757	0.29467	0.20407	1364012
2	Nongenic	CML69_MZ	Improved	0.20473	0.29647	0.29317	0.20563	1411364
2	Nongenic	CML84_MZ	Improved	0.20465	0.29618	0.29352	0.20565	1380514
2	Nongenic	CML85_MZ	Improved	0.20465	0.29606	0.29350	0.20580	1396198
2	Nongenic	CML96_MZ	Improved	0.20554	0.29536	0.29273	0.20637	1356657
2	Nongenic	CML99_MZ	Improved	0.20564	0.29557	0.29237	0.20642	1384642
2	Nongenic	H16_MZ	Improved	0.20587	0.29563	0.29207	0.20642	1306700
2	Nongenic	HP301_MZ	Improved	0.20382	0.29706	0.29379	0.20533	1430979
2	Nongenic	IL14H_MZ	Improved	0.20354	0.29699	0.29442	0.20505	1409284
2	Nongenic	KI11_MZ	Improved	0.20357	0.29717	0.29428	0.20498	1330317
2	Nongenic	KI3_MZ	Improved	0.20408	0.29698	0.29365	0.20529	1465942
2	Nongenic	KY21_MZ	Improved	0.20072	0.30053	0.29685	0.20189	1215856
2	Nongenic	M162W_MZ	Improved	0.20308	0.29804	0.29484	0.20403	1372282
2	Nongenic	M37W_MZ	Improved	0.20300	0.29795	0.29507	0.20398	1348957
2	Nongenic	MO17_MZ	Improved	0.20490	0.29561	0.29288	0.20661	1382403
2	Nongenic	MO18W_MZ	Improved	0.20274	0.29784	0.29559	0.20383	1346311
2	Nongenic	MS71_MZ	Improved	0.20377	0.29702	0.29422	0.20499	1433107
2	Nongenic	NC350_MZ	Improved	0.20183	0.29913	0.29593	0.20311	1240415
2	Nongenic	NC358_MZ	Improved	0.20103	0.29951	0.29660	0.20286	1218072
2	Nongenic	OH43_MZ	Improved	0.20245	0.29823	0.29551	0.20381	1491175
2	Nongenic	OH7B_MZ	Improved	0.20297	0.29832	0.29499	0.20372	1351144
2	Nongenic	P1_MZ	Improved	0.20558	0.29598	0.29204	0.20640	1364629
2	Nongenic	P39_MZ	Improved	0.20245	0.29807	0.29535	0.20413	1380348
2	Nongenic	TIL01_TEO	Wild	0.18346	0.31767	0.31457	0.18430	1125206
2	Nongenic	TIL03_TEO	Wild	0.18870	0.31220	0.30944	0.18965	1252755
2	Nongenic	TIL05_TEO	Wild	0.18582	0.31562	0.31274	0.18582	1336985
2	Nongenic	TIL06-TIP260_TEO	Wild	0.18178	0.31939	0.31674	0.18209	1300482
2	Nongenic	TIL07_TEO	Wild	0.18591	0.31511	0.31211	0.18687	1324394
2	Nongenic	TIL08_TEO	Wild	0.17576	0.32511	0.32220	0.17694	1317150
2	Nongenic	TIL09_TEO	Wild	0.18602	0.31474	0.31204	0.18720	1350886
2	Nongenic	TIL10_TEO	Wild	0.18302	0.31770	0.31474	0.18455	1316645
2	Nongenic	TIL11_TEO	Wild	0.18905	0.31201	0.30966	0.18928	1119417
2	Nongenic	TIL12_TEO	Wild	0.18194	0.31973	0.31635	0.18198	1073224
2	Nongenic	TIL15_TEO	Wild	0.18267	0.31902	0.31540	0.18292	1294673
2	Nongenic	TIL16_TEO	Wild	0.18220	0.31916	0.31584	0.18280	1202489
2	Nongenic	TIL17_TEO	Wild	0.18520	0.31578	0.31299	0.18603	1238226
2	Nongenic	TIL25_TEO	Wild	0.17638	0.32520	0.32152	0.17691	1344981
2	Nongenic	TIL04-TIP454_TEO	Wild	0.18272	0.31867	0.31528	0.18333	1315734
2	Nongenic	TIL06-TIP496_TEO	Wild	0.18245	0.31887	0.31614	0.18254	1286458
2	Nongenic	TIL14_TEO	Wild	0.18694	0.31384	0.31142	0.18779	1305597
2	Nongenic	TX303_MZ	Improved	0.20370	0.29715	0.29372	0.20543	1393234
2	Nongenic	TZI8_MZ	Improved	0.20445	0.29640	0.29366	0.20549	1195553
2	Nongenic	VL0512447_MZ	Improved	0.20456	0.29622	0.29321	0.20601	1287947
2	Nongenic	VL05128_MZ	Improved	0.20474	0.29621	0.29331	0.20574	1364327
2	Nongenic	VL054178_MZ	Improved	0.20606	0.29553	0.29174	0.20667	1370075
2	Nongenic	VL05610_MZ	Improved	0.20579	0.29529	0.29212	0.20681	1403834
2	Nongenic	VL056883_MZ	Improved	0.20348	0.29698	0.29443	0.20511	1342733
2	Nongenic	VL062784_MZ	Improved	0.20563	0.29533	0.29237	0.20668	1350555
2	Nongenic	W22_MZ	Improved	0.20511	0.29580	0.29287	0.20622	1467885
2	Nongenic	W64A_MZ	Improved	0.20306	0.29785	0.29518	0.20391	1485322
3	Genic	B73_MZ	Improved	0.22230	0.27730	0.27776	0.22264	1427884
3	Genic	B97_MZ	Improved	0.22384	0.27616	0.27585	0.22415	1462709
3	Genic	BKN009_MZ	Landrace	0.22298	0.27713	0.27724	0.22265	1472592
3	Genic	BKN010_MZ	Landrace	0.22349	0.27608	0.27675	0.22369	1474786
3	Genic	BKN011_MZ	Landrace	0.22232	0.27745	0.27748	0.22275	1436126
3	Genic	BKN014_MZ	Landrace	0.22289	0.27681	0.27729	0.22301	1464029
3	Genic	BKN015_MZ	Landrace	0.22329	0.27682	0.27688	0.22301	1445575
3	Genic	BKN016_MZ	Landrace	0.22373	0.27637	0.27649	0.22341	1470646
3	Genic	BKN017_MZ	Landrace	0.22249	0.27774	0.27791	0.22186	1440908
3	Genic	BKN018_MZ	Landrace	0.22409	0.27607	0.27587	0.22397	1485766
3	Genic	BKN019_MZ	Landrace	0.22308	0.27659	0.27675	0.22358	1471577
3	Genic	BKN020_MZ	Landrace	0.22351	0.27581	0.27617	0.22451	1457912
3	Genic	BKN022_MZ	Landrace	0.22263	0.27723	0.27761	0.22253	1467952
3	Genic	BKN023_MZ	Landrace	0.22421	0.27588	0.27585	0.22406	1450987
3	Genic	BKN025_MZ	Landrace	0.22437	0.27555	0.27548	0.22460	1463381
3	Genic	BKN026_MZ	Landrace	0.22271	0.27715	0.27723	0.22291	1444549
3	Genic	BKN027_MZ	Landrace	0.22368	0.27619	0.27642	0.22371	1461742
3	Genic	BKN029_MZ	Landrace	0.22329	0.27682	0.27673	0.22316	1437147
3	Genic	BKN030_MZ	Landrace	0.22386	0.27631	0.27618	0.22365	1452082
3	Genic	BKN031_MZ	Landrace	0.22387	0.27584	0.27619	0.22410	1467749
3	Genic	BKN032_MZ	Landrace	0.22383	0.27624	0.27627	0.22367	1461018
3	Genic	BKN033_MZ	Landrace	0.22216	0.27728	0.27758	0.22298	1438732
3	Genic	BKN034_MZ	Landrace	0.22431	0.27580	0.27554	0.22435	1456409
3	Genic	BKN035_MZ	Landrace	0.22206	0.27791	0.27783	0.22219	1447047
3	Genic	BKN040_MZ	Landrace	0.22543	0.27497	0.27445	0.22515	1434378
3	Genic	CAU178_MZ	Improved	0.22252	0.27741	0.27743	0.22264	1451332
3	Genic	CAU478_MZ	Improved	0.22158	0.27884	0.27870	0.22089	1407804
3	Genic	CAU5003_MZ	Improved	0.22410	0.27631	0.27592	0.22367	1464075
3	Genic	CAUCHANG72_MZ	Improved	0.22209	0.27765	0.27768	0.22259	1478228
3	Genic	CAUMO17_MZ	Improved	0.22336	0.27628	0.27660	0.22377	1495266
3	Genic	CAUZHENG58_MZ	Improved	0.22429	0.27545	0.27579	0.22447	1486664
3	Genic	CML103_MZ	Improved	0.22303	0.27701	0.27677	0.22319	1391734
3	Genic	CML133_MZ	Improved	0.22503	0.27502	0.27480	0.22515	1416635
3	Genic	CML192_MZ	Improved	0.22559	0.27472	0.27474	0.22495	1369402
3	Genic	CML202_MZ	Improved	0.22398	0.27568	0.27561	0.22472	1354423
3	Genic	CML206_MZ	Improved	0.22591	0.27429	0.27417	0.22563	1352747
3	Genic	CML228_MZ	Improved	0.22261	0.27765	0.27704	0.22271	1366970
3	Genic	CML247_MZ	Improved	0.22084	0.27924	0.27888	0.22104	1267792
3	Genic	CML277_MZ	Improved	0.22135	0.27778	0.27847	0.22240	1329437
3	Genic	CML312SR_MZ	Improved	0.22611	0.27378	0.27373	0.22638	1350489
3	Genic	CML322_MZ	Improved	0.22168	0.27836	0.27814	0.22182	1342127
3	Genic	CML330_MZ	Improved	0.22437	0.27505	0.27516	0.22542	1353914
3	Genic	CML333_MZ	Improved	0.22412	0.27601	0.27583	0.22404	1468675
3	Genic	CML341_MZ	Improved	0.22540	0.27412	0.27478	0.22570	1357256
3	Genic	CML411_MZ	Improved	0.22574	0.27397	0.27421	0.22609	1360254
3	Genic	CML418_MZ	Improved	0.22467	0.27514	0.27505	0.22514	1342626
3	Genic	CML479_MZ	Improved	0.22390	0.27565	0.27548	0.22497	1373368
3	Genic	CML504_MZ	Improved	0.22545	0.27471	0.27395	0.22589	1359556
3	Genic	CML505_MZ	Improved	0.22530	0.27461	0.27482	0.22528	1391145
3	Genic	CML511_MZ	Improved	0.22535	0.27417	0.27414	0.22634	1361484
3	Genic	CML52_MZ	Improved	0.22233	0.27758	0.27740	0.22269	1381232
3	Genic	CML69_MZ	Improved	0.22374	0.27629	0.27634	0.22363	1449260
3	Genic	CML84_MZ	Improved	0.22479	0.27496	0.27522	0.22503	1405399
3	Genic	CML85_MZ	Improved	0.22492	0.27523	0.27489	0.22495	1421908
3	Genic	CML96_MZ	Improved	0.22556	0.27451	0.27437	0.22556	1375712
3	Genic	CML99_MZ	Improved	0.22494	0.27502	0.27472	0.22532	1406849
3	Genic	H16_MZ	Improved	0.22511	0.27482	0.27457	0.22550	1289058
3	Genic	HP301_MZ	Improved	0.22402	0.27620	0.27609	0.22369	1465623
3	Genic	IL14H_MZ	Improved	0.22425	0.27510	0.27598	0.22467	1456777
3	Genic	KI11_MZ	Improved	0.22334	0.27678	0.27692	0.22296	1378472
3	Genic	KI3_MZ	Improved	0.22361	0.27563	0.27621	0.22455	1497199
3	Genic	KY21_MZ	Improved	0.21997	0.27934	0.28056	0.22013	1261026
3	Genic	M162W_MZ	Improved	0.22275	0.27766	0.27710	0.22248	1409743
3	Genic	M37W_MZ	Improved	0.22223	0.27771	0.27783	0.22223	1385085
3	Genic	MO17_MZ	Improved	0.22352	0.27605	0.27639	0.22404	1423617
3	Genic	MO18W_MZ	Improved	0.22228	0.27813	0.27752	0.22207	1387729
3	Genic	MS71_MZ	Improved	0.22356	0.27667	0.27658	0.22319	1465264
3	Genic	NC350_MZ	Improved	0.22003	0.27966	0.27927	0.22104	1287196
3	Genic	NC358_MZ	Improved	0.21999	0.28007	0.28009	0.21985	1263135
3	Genic	OH43_MZ	Improved	0.22391	0.27620	0.27632	0.22356	1523321
3	Genic	OH7B_MZ	Improved	0.22285	0.27714	0.27696	0.22305	1396565
3	Genic	P1_MZ	Improved	0.22496	0.27510	0.27475	0.22519	1389640
3	Genic	P39_MZ	Improved	0.22328	0.27612	0.27663	0.22397	1431369
3	Genic	TIL01_TEO	Wild	0.21392	0.28605	0.28636	0.21368	1240385
3	Genic	TIL03_TEO	Wild	0.21650	0.28304	0.28387	0.21660	1325476
3	Genic	TIL05_TEO	Wild	0.21564	0.28415	0.28452	0.21570	1434837
3	Genic	TIL06-TIP260_TEO	Wild	0.21387	0.28631	0.28613	0.21369	1400582
3	Genic	TIL07_TEO	Wild	0.21529	0.28465	0.28507	0.21500	1410746
3	Genic	TIL08_TEO	Wild	0.21097	0.28882	0.28901	0.21120	1447457
3	Genic	TIL09_TEO	Wild	0.21538	0.28480	0.28453	0.21530	1443490
3	Genic	TIL10_TEO	Wild	0.21484	0.28489	0.28552	0.21476	1404920
3	Genic	TIL11_TEO	Wild	0.21637	0.28343	0.28420	0.21600	1201858
3	Genic	TIL12_TEO	Wild	0.21409	0.28556	0.28540	0.21495	1182904
3	Genic	TIL15_TEO	Wild	0.21340	0.28683	0.28677	0.21300	1409931
3	Genic	TIL16_TEO	Wild	0.21248	0.28737	0.28715	0.21300	1317823
3	Genic	TIL17_TEO	Wild	0.21560	0.28474	0.28438	0.21528	1332526
3	Genic	TIL25_TEO	Wild	0.21093	0.28881	0.28899	0.21126	1464301
3	Genic	TIL04-TIP454_TEO	Wild	0.21470	0.28518	0.28541	0.21471	1411065
3	Genic	TIL06-TIP496_TEO	Wild	0.21431	0.28603	0.28596	0.21370	1404289
3	Genic	TIL14_TEO	Wild	0.21572	0.28412	0.28423	0.21592	1388081
3	Genic	TX303_MZ	Improved	0.22384	0.27585	0.27581	0.22450	1433223
3	Genic	TZI8_MZ	Improved	0.22205	0.27740	0.27821	0.22233	1273802
3	Genic	VL0512447_MZ	Improved	0.22516	0.27457	0.27474	0.22553	1274428
3	Genic	VL05128_MZ	Improved	0.22394	0.27601	0.27611	0.22394	1364960
3	Genic	VL054178_MZ	Improved	0.22516	0.27435	0.27469	0.22580	1389736
3	Genic	VL05610_MZ	Improved	0.22685	0.27369	0.27256	0.22690	1397803
3	Genic	VL056883_MZ	Improved	0.22346	0.27610	0.27684	0.22361	1371479
3	Genic	VL062784_MZ	Improved	0.22419	0.27615	0.27564	0.22401	1374246
3	Genic	W22_MZ	Improved	0.22429	0.27563	0.27561	0.22446	1485409
3	Genic	W64A_MZ	Improved	0.22320	0.27630	0.27679	0.22372	1512012
3	Nongenic	B73_MZ	Improved	0.20156	0.29887	0.29581	0.20376	1410710
3	Nongenic	B97_MZ	Improved	0.20374	0.29620	0.29413	0.20593	1427221
3	Nongenic	BKN009_MZ	Landrace	0.20141	0.29932	0.29620	0.20307	1441576
3	Nongenic	BKN010_MZ	Landrace	0.20306	0.29756	0.29471	0.20467	1448829
3	Nongenic	BKN011_MZ	Landrace	0.20026	0.30040	0.29724	0.20211	1410981
3	Nongenic	BKN014_MZ	Landrace	0.20146	0.29912	0.29627	0.20315	1433255
3	Nongenic	BKN015_MZ	Landrace	0.20228	0.29777	0.29590	0.20405	1421674
3	Nongenic	BKN016_MZ	Landrace	0.20253	0.29790	0.29541	0.20417	1436212
3	Nongenic	BKN017_MZ	Landrace	0.19996	0.30049	0.29799	0.20156	1386196
3	Nongenic	BKN018_MZ	Landrace	0.20423	0.29580	0.29337	0.20660	1455514
3	Nongenic	BKN019_MZ	Landrace	0.20311	0.29770	0.29471	0.20448	1444434
3	Nongenic	BKN020_MZ	Landrace	0.20297	0.29783	0.29510	0.20410	1430672
3	Nongenic	BKN022_MZ	Landrace	0.20140	0.29887	0.29637	0.20337	1427642
3	Nongenic	BKN023_MZ	Landrace	0.20297	0.29748	0.29474	0.20481	1427810
3	Nongenic	BKN025_MZ	Landrace	0.20358	0.29662	0.29403	0.20578	1445310
3	Nongenic	BKN026_MZ	Landrace	0.20055	0.30002	0.29728	0.20215	1412229
3	Nongenic	BKN027_MZ	Landrace	0.20352	0.29698	0.29443	0.20506	1436651
3	Nongenic	BKN029_MZ	Landrace	0.20034	0.30010	0.29774	0.20183	1400777
3	Nongenic	BKN030_MZ	Landrace	0.20219	0.29839	0.29556	0.20387	1421155
3	Nongenic	BKN031_MZ	Landrace	0.20290	0.29753	0.29468	0.20489	1446456
3	Nongenic	BKN032_MZ	Landrace	0.20296	0.29729	0.29462	0.20513	1439430
3	Nongenic	BKN033_MZ	Landrace	0.20083	0.29980	0.29724	0.20212	1409273
3	Nongenic	BKN034_MZ	Landrace	0.20358	0.29646	0.29369	0.20627	1427406
3	Nongenic	BKN035_MZ	Landrace	0.20005	0.30054	0.29789	0.20153	1410168
3	Nongenic	BKN040_MZ	Landrace	0.20499	0.29504	0.29266	0.20731	1404563
3	Nongenic	CAU178_MZ	Improved	0.20064	0.29961	0.29720	0.20255	1410516
3	Nongenic	CAU478_MZ	Improved	0.20141	0.29854	0.29630	0.20375	1405109
3	Nongenic	CAU5003_MZ	Improved	0.20296	0.29736	0.29483	0.20485	1421694
3	Nongenic	CAUCHANG72_MZ	Improved	0.20020	0.29949	0.29744	0.20286	1435744
3	Nongenic	CAUMO17_MZ	Improved	0.20278	0.29733	0.29503	0.20486	1470971
3	Nongenic	CAUZHENG58_MZ	Improved	0.20362	0.29670	0.29391	0.20577	1454202
3	Nongenic	CML103_MZ	Improved	0.20327	0.29683	0.29448	0.20542	1350721
3	Nongenic	CML133_MZ	Improved	0.20458	0.29572	0.29276	0.20694	1393991
3	Nongenic	CML192_MZ	Improved	0.20510	0.29502	0.29239	0.20749	1353316
3	Nongenic	CML202_MZ	Improved	0.20387	0.29690	0.29354	0.20570	1331009
3	Nongenic	CML206_MZ	Improved	0.20563	0.29504	0.29177	0.20756	1349510
3	Nongenic	CML228_MZ	Improved	0.20306	0.29739	0.29461	0.20494	1321037
3	Nongenic	CML247_MZ	Improved	0.20143	0.29926	0.29623	0.20308	1204928
3	Nongenic	CML277_MZ	Improved	0.20204	0.29845	0.29546	0.20405	1276662
3	Nongenic	CML312SR_MZ	Improved	0.20525	0.29549	0.29251	0.20675	1334644
3	Nongenic	CML322_MZ	Improved	0.20271	0.29803	0.29523	0.20403	1292193
3	Nongenic	CML330_MZ	Improved	0.20461	0.29542	0.29299	0.20697	1356433
3	Nongenic	CML333_MZ	Improved	0.20401	0.29691	0.29345	0.20562	1435004
3	Nongenic	CML341_MZ	Improved	0.20520	0.29542	0.29228	0.20710	1352408
3	Nongenic	CML411_MZ	Improved	0.20537	0.29494	0.29201	0.20768	1346650
3	Nongenic	CML418_MZ	Improved	0.20417	0.29599	0.29398	0.20586	1329434
3	Nongenic	CML479_MZ	Improved	0.20384	0.29650	0.29420	0.20546	1353064
3	Nongenic	CML504_MZ	Improved	0.20512	0.29560	0.29233	0.20694	1338384
3	Nongenic	CML505_MZ	Improved	0.20556	0.29483	0.29226	0.20735	1397460
3	Nongenic	CML511_MZ	Improved	0.20499	0.29546	0.29275	0.20680	1362848
3	Nongenic	CML52_MZ	Improved	0.20301	0.29773	0.29516	0.20410	1365072
3	Nongenic	CML69_MZ	Improved	0.20368	0.29660	0.29419	0.20553	1413362
3	Nongenic	CML84_MZ	Improved	0.20392	0.29663	0.29379	0.20566	1381868
3	Nongenic	CML85_MZ	Improved	0.20389	0.29621	0.29375	0.20615	1396599
3	Nongenic	CML96_MZ	Improved	0.20465	0.29580	0.29301	0.20654	1357735
3	Nongenic	CML99_MZ	Improved	0.20487	0.29577	0.29245	0.20691	1384914
3	Nongenic	H16_MZ	Improved	0.20471	0.29519	0.29288	0.20722	1308480
3	Nongenic	HP301_MZ	Improved	0.20361	0.29681	0.29407	0.20551	1431354
3	Nongenic	IL14H_MZ	Improved	0.20351	0.29705	0.29447	0.20497	1410000
3	Nongenic	KI11_MZ	Improved	0.20306	0.29726	0.29449	0.20518	1332756
3	Nongenic	KI3_MZ	Improved	0.20349	0.29722	0.29424	0.20505	1466073
3	Nongenic	KY21_MZ	Improved	0.20006	0.30022	0.29732	0.20239	1216390
3	Nongenic	M162W_MZ	Improved	0.20262	0.29814	0.29504	0.20421	1373591
3	Nongenic	M37W_MZ	Improved	0.20207	0.29819	0.29579	0.20395	1349431
3	Nongenic	MO17_MZ	Improved	0.20474	0.29529	0.29324	0.20673	1383155
3	Nongenic	MO18W_MZ	Improved	0.20190	0.29780	0.29603	0.20427	1347709
3	Nongenic	MS71_MZ	Improved	0.20298	0.29712	0.29486	0.20504	1434541
3	Nongenic	NC350_MZ	Improved	0.20134	0.29900	0.29670	0.20297	1240428
3	Nongenic	NC358_MZ	Improved	0.20037	0.29998	0.29693	0.20272	1218122
3	Nongenic	OH43_MZ	Improved	0.20188	0.29838	0.29570	0.20404	1491821
3	Nongenic	OH7B_MZ	Improved	0.20262	0.29806	0.29504	0.20428	1352283
3	Nongenic	P1_MZ	Improved	0.20447	0.29587	0.29327	0.20638	1366120
3	Nongenic	P39_MZ	Improved	0.20265	0.29804	0.29513	0.20418	1381310
3	Nongenic	TIL01_TEO	Wild	0.18300	0.31768	0.31517	0.18416	1126431
3	Nongenic	TIL03_TEO	Wild	0.18843	0.31272	0.30929	0.18956	1253096
3	Nongenic	TIL05_TEO	Wild	0.18514	0.31584	0.31320	0.18582	1338181
3	Nongenic	TIL06-TIP260_TEO	Wild	0.18127	0.31969	0.31671	0.18233	1302303
3	Nongenic	TIL07_TEO	Wild	0.18576	0.31521	0.31202	0.18702	1325005
3	Nongenic	TIL08_TEO	Wild	0.17596	0.32540	0.32220	0.17645	1318032
3	Nongenic	TIL09_TEO	Wild	0.18568	0.31517	0.31201	0.18714	1351534
3	Nongenic	TIL10_TEO	Wild	0.18328	0.31777	0.31460	0.18435	1317128
3	Nongenic	TIL11_TEO	Wild	0.18860	0.31199	0.30978	0.18962	1120348
3	Nongenic	TIL12_TEO	Wild	0.18172	0.32021	0.31600	0.18207	1074418
3	Nongenic	TIL15_TEO	Wild	0.18211	0.31920	0.31586	0.18282	1295348
3	Nongenic	TIL16_TEO	Wild	0.18185	0.31928	0.31625	0.18262	1203065
3	Nongenic	TIL17_TEO	Wild	0.18491	0.31615	0.31302	0.18592	1238111
3	Nongenic	TIL25_TEO	Wild	0.17584	0.32501	0.32184	0.17731	1345429
3	Nongenic	TIL04-TIP454_TEO	Wild	0.18278	0.31869	0.31540	0.18313	1316843
3	Nongenic	TIL06-TIP496_TEO	Wild	0.18186	0.31903	0.31609	0.18301	1287797
3	Nongenic	TIL14_TEO	Wild	0.18633	0.31447	0.31148	0.18773	1305693
