Category	Strain	Group	A	C	G	T	Total
All	B73_MZ	Improved	0.20607	0.29449	0.29248	0.20696	8032887
All	B97_MZ	Improved	0.20801	0.29239	0.29044	0.20916	8146269
All	BKN009_MZ	Landrace	0.20615	0.29465	0.29249	0.20672	8222036
All	BKN010_MZ	Landrace	0.20723	0.29323	0.29146	0.20808	8257377
All	BKN011_MZ	Landrace	0.20500	0.29550	0.29355	0.20595	8039579
All	BKN014_MZ	Landrace	0.20603	0.29457	0.29253	0.20687	8174857
All	BKN015_MZ	Landrace	0.20673	0.29396	0.29202	0.20730	8101664
All	BKN016_MZ	Landrace	0.20684	0.29381	0.29175	0.20761	8195455
All	BKN017_MZ	Landrace	0.20480	0.29578	0.29394	0.20548	7934684
All	BKN018_MZ	Landrace	0.20871	0.29199	0.28980	0.20950	8300018
All	BKN019_MZ	Landrace	0.20730	0.29325	0.29142	0.20803	8234328
All	BKN020_MZ	Landrace	0.20732	0.29335	0.29120	0.20813	8155843
All	BKN022_MZ	Landrace	0.20597	0.29466	0.29269	0.20667	8153395
All	BKN023_MZ	Landrace	0.20743	0.29302	0.29128	0.20827	8135843
All	BKN025_MZ	Landrace	0.20821	0.29226	0.29038	0.20915	8228255
All	BKN026_MZ	Landrace	0.20522	0.29554	0.29338	0.20586	8059379
All	BKN027_MZ	Landrace	0.20750	0.29305	0.29103	0.20843	8187529
All	BKN029_MZ	Landrace	0.20526	0.29533	0.29339	0.20602	7995938
All	BKN030_MZ	Landrace	0.20675	0.29388	0.29180	0.20756	8106799
All	BKN031_MZ	Landrace	0.20755	0.29304	0.29091	0.20850	8238205
All	BKN032_MZ	Landrace	0.20737	0.29317	0.29123	0.20823	8201296
All	BKN033_MZ	Landrace	0.20538	0.29527	0.29338	0.20597	8040017
All	BKN034_MZ	Landrace	0.20820	0.29223	0.29032	0.20926	8138088
All	BKN035_MZ	Landrace	0.20480	0.29580	0.29387	0.20553	8051656
All	BKN040_MZ	Landrace	0.20970	0.29100	0.28898	0.21032	8010662
All	CAU178_MZ	Improved	0.20558	0.29496	0.29303	0.20643	8060145
All	CAU478_MZ	Improved	0.20567	0.29501	0.29291	0.20642	7982293
All	CAU5003_MZ	Improved	0.20759	0.29310	0.29106	0.20825	8120477
All	CAUCHANG72_MZ	Improved	0.20525	0.29534	0.29340	0.20601	8202923
All	CAUMO17_MZ	Improved	0.20733	0.29316	0.29138	0.20814	8380696
All	CAUZHENG58_MZ	Improved	0.20816	0.29245	0.29047	0.20891	8295130
All	CML103_MZ	Improved	0.20752	0.29303	0.29103	0.20842	7713860
All	CML133_MZ	Improved	0.20903	0.29144	0.28936	0.21017	7943496
All	CML192_MZ	Improved	0.20979	0.29084	0.28892	0.21045	7702705
All	CML202_MZ	Improved	0.20822	0.29240	0.29036	0.20901	7587757
All	CML206_MZ	Improved	0.21000	0.29075	0.28866	0.21059	7668736
All	CML228_MZ	Improved	0.20746	0.29328	0.29098	0.20828	7555052
All	CML247_MZ	Improved	0.20563	0.29492	0.29293	0.20653	6916407
All	CML277_MZ	Improved	0.20649	0.29395	0.29204	0.20752	7312486
All	CML312SR_MZ	Improved	0.20958	0.29091	0.28904	0.21047	7598929
All	CML322_MZ	Improved	0.20669	0.29414	0.29172	0.20744	7392969
All	CML330_MZ	Improved	0.20888	0.29145	0.28954	0.21013	7700501
All	CML333_MZ	Improved	0.20848	0.29215	0.29017	0.20920	8187853
All	CML341_MZ	Improved	0.20946	0.29113	0.28908	0.21033	7686609
All	CML411_MZ	Improved	0.20984	0.29063	0.28878	0.21075	7663209
All	CML418_MZ	Improved	0.20858	0.29192	0.29000	0.20951	7563681
All	CML479_MZ	Improved	0.20813	0.29243	0.29034	0.20909	7709489
All	CML504_MZ	Improved	0.20966	0.29125	0.28876	0.21034	7624244
All	CML505_MZ	Improved	0.20968	0.29083	0.28898	0.21051	7929640
All	CML511_MZ	Improved	0.20937	0.29123	0.28932	0.21008	7737337
All	CML52_MZ	Improved	0.20690	0.29364	0.29175	0.20771	7771726
All	CML69_MZ	Improved	0.20818	0.29243	0.29048	0.20891	8064971
All	CML84_MZ	Improved	0.20860	0.29210	0.29016	0.20914	7874573
All	CML85_MZ	Improved	0.20855	0.29209	0.28996	0.20940	7961295
All	CML96_MZ	Improved	0.20906	0.29147	0.28955	0.20991	7729404
All	CML99_MZ	Improved	0.20937	0.29135	0.28913	0.21015	7892388
All	H16_MZ	Improved	0.20930	0.29142	0.28924	0.21004	7408033
All	HP301_MZ	Improved	0.20796	0.29285	0.29065	0.20854	8168692
All	IL14H_MZ	Improved	0.20786	0.29267	0.29078	0.20869	8060106
All	KI11_MZ	Improved	0.20756	0.29310	0.29109	0.20826	7618966
All	KI3_MZ	Improved	0.20786	0.29269	0.29064	0.20881	8362624
All	KY21_MZ	Improved	0.20456	0.29602	0.29390	0.20552	6957520
All	M162W_MZ	Improved	0.20696	0.29392	0.29154	0.20758	7843306
All	M37W_MZ	Improved	0.20664	0.29390	0.29197	0.20749	7704989
All	MO17_MZ	Improved	0.20880	0.29161	0.28987	0.20971	7900417
All	MO18W_MZ	Improved	0.20615	0.29420	0.29239	0.20727	7699020
All	MS71_MZ	Improved	0.20755	0.29308	0.29113	0.20823	8180646
All	NC350_MZ	Improved	0.20532	0.29507	0.29306	0.20655	7098584
All	NC358_MZ	Improved	0.20485	0.29573	0.29365	0.20578	6969646
All	OH43_MZ	Improved	0.20664	0.29390	0.29204	0.20742	8509898
All	OH7B_MZ	Improved	0.20701	0.29380	0.29147	0.20772	7726644
All	P1_MZ	Improved	0.20915	0.29154	0.28939	0.20992	7784847
All	P39_MZ	Improved	0.20700	0.29360	0.29160	0.20780	7902970
All	TIL01_TEO	Wild	0.19008	0.31096	0.30868	0.19028	6523441
All	TIL03_TEO	Wild	0.19451	0.30641	0.30420	0.19488	7199224
All	TIL05_TEO	Wild	0.19174	0.30912	0.30721	0.19193	7707457
All	TIL06-TIP260_TEO	Wild	0.18839	0.31255	0.31044	0.18861	7504074
All	TIL07_TEO	Wild	0.19219	0.30879	0.30655	0.19247	7622379
All	TIL08_TEO	Wild	0.18366	0.31752	0.31519	0.18362	7631671
All	TIL09_TEO	Wild	0.19235	0.30864	0.30651	0.19250	7778702
All	TIL10_TEO	Wild	0.19011	0.31085	0.30868	0.19036	7579656
All	TIL11_TEO	Wild	0.19441	0.30641	0.30444	0.19474	6454714
All	TIL12_TEO	Wild	0.18872	0.31245	0.30989	0.18894	6223360
All	TIL15_TEO	Wild	0.18889	0.31223	0.30971	0.18918	7486789
All	TIL16_TEO	Wild	0.18864	0.31243	0.31003	0.18889	6961300
All	TIL17_TEO	Wild	0.19139	0.30952	0.30736	0.19174	7136855
All	TIL25_TEO	Wild	0.18365	0.31728	0.31504	0.18403	7773700
All	TIL04-TIP454_TEO	Wild	0.18954	0.31170	0.30927	0.18949	7583221
All	TIL06-TIP496_TEO	Wild	0.18913	0.31187	0.30993	0.18907	7443438
All	TIL14_TEO	Wild	0.19281	0.30799	0.30586	0.19335	7511322
All	TX303_MZ	Improved	0.20762	0.29264	0.29092	0.20883	7962323
All	TZI8_MZ	Improved	0.20800	0.29240	0.29079	0.20881	6878827
All	VL0512447_MZ	Improved	0.20851	0.29207	0.28993	0.20950	7303456
All	VL05128_MZ	Improved	0.20838	0.29206	0.29027	0.20929	7756311
All	VL054178_MZ	Improved	0.20979	0.29084	0.28868	0.21069	7804363
All	VL05610_MZ	Improved	0.20995	0.29088	0.28853	0.21064	7969471
All	VL056883_MZ	Improved	0.20748	0.29288	0.29109	0.20855	7661592
All	VL062784_MZ	Improved	0.20905	0.29149	0.28959	0.20986	7701620
All	W22_MZ	Improved	0.20883	0.29177	0.28982	0.20959	8360011
All	W64A_MZ	Improved	0.20694	0.29355	0.29173	0.20778	8469566
sweep	B73_MZ	Improved	0.21124	0.28829	0.28818	0.21229	575653
sweep	B97_MZ	Improved	0.21273	0.28726	0.28638	0.21363	587206
sweep	BKN009_MZ	Landrace	0.21066	0.28974	0.28870	0.21090	594805
sweep	BKN010_MZ	Landrace	0.21245	0.28758	0.28737	0.21260	598810
sweep	BKN011_MZ	Landrace	0.21117	0.28967	0.28813	0.21102	582059
sweep	BKN014_MZ	Landrace	0.20896	0.29138	0.28991	0.20976	590299
sweep	BKN015_MZ	Landrace	0.21139	0.28873	0.28787	0.21201	586319
sweep	BKN016_MZ	Landrace	0.21066	0.28958	0.28815	0.21161	588178
sweep	BKN017_MZ	Landrace	0.21019	0.29026	0.28886	0.21069	576610
sweep	BKN018_MZ	Landrace	0.21310	0.28695	0.28595	0.21400	598072
sweep	BKN019_MZ	Landrace	0.21209	0.28801	0.28752	0.21237	597024
sweep	BKN020_MZ	Landrace	0.21183	0.28878	0.28703	0.21236	580573
sweep	BKN022_MZ	Landrace	0.21065	0.28965	0.28856	0.21114	590106
sweep	BKN023_MZ	Landrace	0.21321	0.28736	0.28642	0.21301	587745
sweep	BKN025_MZ	Landrace	0.21283	0.28745	0.28616	0.21356	587599
sweep	BKN026_MZ	Landrace	0.20990	0.29035	0.28972	0.21004	583042
sweep	BKN027_MZ	Landrace	0.21174	0.28820	0.28733	0.21274	587303
sweep	BKN029_MZ	Landrace	0.21079	0.28889	0.28848	0.21184	580667
sweep	BKN030_MZ	Landrace	0.21224	0.28795	0.28688	0.21292	584586
sweep	BKN031_MZ	Landrace	0.21296	0.28749	0.28656	0.21299	594852
sweep	BKN032_MZ	Landrace	0.21243	0.28736	0.28679	0.21342	593927
sweep	BKN033_MZ	Landrace	0.20998	0.29092	0.28950	0.20960	580832
sweep	BKN034_MZ	Landrace	0.21371	0.28651	0.28521	0.21457	591025
sweep	BKN035_MZ	Landrace	0.21062	0.28893	0.28905	0.21140	584474
sweep	BKN040_MZ	Landrace	0.21480	0.28555	0.28447	0.21518	578062
sweep	CAU178_MZ	Improved	0.21127	0.28890	0.28808	0.21175	582411
sweep	CAU478_MZ	Improved	0.21114	0.28855	0.28808	0.21223	573415
sweep	CAU5003_MZ	Improved	0.21296	0.28668	0.28661	0.21375	584301
sweep	CAUCHANG72_MZ	Improved	0.21017	0.29019	0.28868	0.21096	590244
sweep	CAUMO17_MZ	Improved	0.21242	0.28731	0.28677	0.21350	604567
sweep	CAUZHENG58_MZ	Improved	0.21346	0.28688	0.28544	0.21422	597030
sweep	CML103_MZ	Improved	0.21270	0.28700	0.28660	0.21370	556472
sweep	CML133_MZ	Improved	0.21330	0.28714	0.28544	0.21411	572233
sweep	CML192_MZ	Improved	0.21514	0.28562	0.28469	0.21456	556072
sweep	CML202_MZ	Improved	0.21333	0.28693	0.28658	0.21317	546514
sweep	CML206_MZ	Improved	0.21513	0.28500	0.28363	0.21625	555794
sweep	CML228_MZ	Improved	0.21238	0.28783	0.28606	0.21373	545607
sweep	CML247_MZ	Improved	0.21082	0.28789	0.28771	0.21357	504910
sweep	CML277_MZ	Improved	0.21137	0.28836	0.28806	0.21221	521905
sweep	CML312SR_MZ	Improved	0.21589	0.28478	0.28304	0.21630	550996
sweep	CML322_MZ	Improved	0.21095	0.28909	0.28765	0.21231	532256
sweep	CML330_MZ	Improved	0.21370	0.28647	0.28471	0.21512	556234
sweep	CML333_MZ	Improved	0.21358	0.28633	0.28574	0.21436	589056
sweep	CML341_MZ	Improved	0.21520	0.28438	0.28437	0.21605	554927
sweep	CML411_MZ	Improved	0.21517	0.28520	0.28436	0.21527	555171
sweep	CML418_MZ	Improved	0.21323	0.28622	0.28608	0.21447	546983
sweep	CML479_MZ	Improved	0.21344	0.28647	0.28586	0.21422	558125
sweep	CML504_MZ	Improved	0.21416	0.28632	0.28509	0.21443	547026
sweep	CML505_MZ	Improved	0.21537	0.28454	0.28407	0.21602	572238
sweep	CML511_MZ	Improved	0.21443	0.28568	0.28445	0.21544	560136
sweep	CML52_MZ	Improved	0.21162	0.28809	0.28731	0.21298	561720
sweep	CML69_MZ	Improved	0.21330	0.28688	0.28626	0.21355	580923
sweep	CML84_MZ	Improved	0.21392	0.28573	0.28590	0.21445	567511
sweep	CML85_MZ	Improved	0.21425	0.28607	0.28510	0.21457	575054
sweep	CML96_MZ	Improved	0.21447	0.28510	0.28488	0.21555	560650
sweep	CML99_MZ	Improved	0.21542	0.28504	0.28390	0.21564	569746
sweep	H16_MZ	Improved	0.21381	0.28604	0.28518	0.21496	536305
sweep	HP301_MZ	Improved	0.21409	0.28635	0.28538	0.21419	585579
sweep	IL14H_MZ	Improved	0.21294	0.28783	0.28654	0.21269	576191
sweep	KI11_MZ	Improved	0.21249	0.28773	0.28683	0.21296	545644
sweep	KI3_MZ	Improved	0.21295	0.28701	0.28583	0.21421	600468
sweep	KY21_MZ	Improved	0.20948	0.28998	0.28980	0.21073	500126
sweep	M162W_MZ	Improved	0.21190	0.28851	0.28720	0.21239	563876
sweep	M37W_MZ	Improved	0.21151	0.28792	0.28814	0.21243	552272
sweep	MO17_MZ	Improved	0.21398	0.28610	0.28545	0.21447	569611
sweep	MO18W_MZ	Improved	0.21161	0.28827	0.28770	0.21242	552549
sweep	MS71_MZ	Improved	0.21375	0.28701	0.28548	0.21376	588544
sweep	NC350_MZ	Improved	0.21040	0.28902	0.28879	0.21178	513039
sweep	NC358_MZ	Improved	0.21029	0.28986	0.28925	0.21060	502994
sweep	OH43_MZ	Improved	0.21179	0.28829	0.28733	0.21259	609225
sweep	OH7B_MZ	Improved	0.21355	0.28658	0.28598	0.21388	556545
sweep	P1_MZ	Improved	0.21373	0.28611	0.28571	0.21445	557865
sweep	P39_MZ	Improved	0.21141	0.28862	0.28810	0.21187	567732
sweep	TIL01_TEO	Wild	0.19078	0.31058	0.30808	0.19057	464013
sweep	TIL03_TEO	Wild	0.19584	0.30542	0.30360	0.19513	502423
sweep	TIL05_TEO	Wild	0.19061	0.31041	0.30892	0.19005	546931
sweep	TIL06-TIP260_TEO	Wild	0.18884	0.31224	0.31012	0.18879	528484
sweep	TIL07_TEO	Wild	0.19168	0.31015	0.30746	0.19071	534819
sweep	TIL08_TEO	Wild	0.18129	0.32003	0.31839	0.18028	533343
sweep	TIL09_TEO	Wild	0.19299	0.30817	0.30654	0.19229	548354
sweep	TIL10_TEO	Wild	0.19159	0.30968	0.30787	0.19086	531566
sweep	TIL11_TEO	Wild	0.19484	0.30657	0.30497	0.19362	452621
sweep	TIL12_TEO	Wild	0.18823	0.31247	0.31079	0.18851	435344
sweep	TIL15_TEO	Wild	0.19051	0.31090	0.30881	0.18978	521710
sweep	TIL16_TEO	Wild	0.18746	0.31399	0.31106	0.18749	494509
sweep	TIL17_TEO	Wild	0.19095	0.31040	0.30772	0.19092	502205
sweep	TIL25_TEO	Wild	0.18159	0.31963	0.31711	0.18168	546771
sweep	TIL04-TIP454_TEO	Wild	0.18744	0.31370	0.31236	0.18649	529478
sweep	TIL06-TIP496_TEO	Wild	0.18940	0.31149	0.30958	0.18953	523716
sweep	TIL14_TEO	Wild	0.19362	0.30700	0.30545	0.19392	533650
sweep	TX303_MZ	Improved	0.21294	0.28690	0.28633	0.21383	572707
sweep	TZI8_MZ	Improved	0.21284	0.28646	0.28668	0.21402	490678
sweep	VL0512447_MZ	Improved	0.21387	0.28613	0.28540	0.21460	525679
sweep	VL05128_MZ	Improved	0.21346	0.28732	0.28571	0.21351	558621
sweep	VL054178_MZ	Improved	0.21446	0.28544	0.28492	0.21518	562754
sweep	VL05610_MZ	Improved	0.21547	0.28467	0.28415	0.21571	574530
sweep	VL056883_MZ	Improved	0.21310	0.28687	0.28639	0.21365	554567
sweep	VL062784_MZ	Improved	0.21447	0.28621	0.28469	0.21463	557763
sweep	W22_MZ	Improved	0.21408	0.28618	0.28552	0.21423	603266
sweep	W64A_MZ	Improved	0.21267	0.28793	0.28674	0.21266	608607
unsweep	B73_MZ	Improved	0.20567	0.29496	0.29282	0.20655	7457234
unsweep	B97_MZ	Improved	0.20764	0.29279	0.29076	0.20882	7559063
unsweep	BKN009_MZ	Landrace	0.20580	0.29503	0.29278	0.20639	7627231
unsweep	BKN010_MZ	Landrace	0.20682	0.29368	0.29178	0.20773	7658567
unsweep	BKN011_MZ	Landrace	0.20451	0.29596	0.29397	0.20556	7457520
unsweep	BKN014_MZ	Landrace	0.20580	0.29482	0.29274	0.20665	7584558
unsweep	BKN015_MZ	Landrace	0.20637	0.29436	0.29234	0.20693	7515345
unsweep	BKN016_MZ	Landrace	0.20655	0.29413	0.29202	0.20730	7607277
unsweep	BKN017_MZ	Landrace	0.20438	0.29621	0.29434	0.20508	7358074
unsweep	BKN018_MZ	Landrace	0.20837	0.29239	0.29010	0.20915	7701946
unsweep	BKN019_MZ	Landrace	0.20693	0.29366	0.29172	0.20769	7637304
unsweep	BKN020_MZ	Landrace	0.20697	0.29370	0.29152	0.20780	7575270
unsweep	BKN022_MZ	Landrace	0.20561	0.29505	0.29302	0.20632	7563289
unsweep	BKN023_MZ	Landrace	0.20698	0.29346	0.29166	0.20790	7548098
unsweep	BKN025_MZ	Landrace	0.20786	0.29263	0.29070	0.20881	7640656
unsweep	BKN026_MZ	Landrace	0.20486	0.29594	0.29366	0.20553	7476337
unsweep	BKN027_MZ	Landrace	0.20717	0.29342	0.29131	0.20809	7600226
unsweep	BKN029_MZ	Landrace	0.20483	0.29583	0.29377	0.20557	7415271
unsweep	BKN030_MZ	Landrace	0.20632	0.29434	0.29219	0.20715	7522213
unsweep	BKN031_MZ	Landrace	0.20713	0.29347	0.29125	0.20815	7643353
unsweep	BKN032_MZ	Landrace	0.20698	0.29362	0.29158	0.20782	7607369
unsweep	BKN033_MZ	Landrace	0.20502	0.29561	0.29368	0.20569	7459185
unsweep	BKN034_MZ	Landrace	0.20777	0.29267	0.29072	0.20884	7547063
unsweep	BKN035_MZ	Landrace	0.20434	0.29634	0.29425	0.20507	7467182
unsweep	BKN040_MZ	Landrace	0.20930	0.29142	0.28933	0.20994	7432600
unsweep	CAU178_MZ	Improved	0.20513	0.29543	0.29342	0.20601	7477734
unsweep	CAU478_MZ	Improved	0.20524	0.29550	0.29328	0.20597	7408878
unsweep	CAU5003_MZ	Improved	0.20718	0.29360	0.29141	0.20782	7536176
unsweep	CAUCHANG72_MZ	Improved	0.20487	0.29574	0.29376	0.20563	7612679
unsweep	CAUMO17_MZ	Improved	0.20693	0.29361	0.29174	0.20772	7776129
unsweep	CAUZHENG58_MZ	Improved	0.20775	0.29288	0.29086	0.20850	7698100
unsweep	CML103_MZ	Improved	0.20712	0.29350	0.29138	0.20801	7157388
unsweep	CML133_MZ	Improved	0.20869	0.29178	0.28967	0.20986	7371263
unsweep	CML192_MZ	Improved	0.20938	0.29125	0.28925	0.21013	7146633
unsweep	CML202_MZ	Improved	0.20783	0.29283	0.29066	0.20869	7041243
unsweep	CML206_MZ	Improved	0.20960	0.29119	0.28906	0.21015	7112942
unsweep	CML228_MZ	Improved	0.20708	0.29370	0.29136	0.20786	7009445
unsweep	CML247_MZ	Improved	0.20522	0.29547	0.29334	0.20597	6411497
unsweep	CML277_MZ	Improved	0.20612	0.29438	0.29234	0.20716	6790581
unsweep	CML312SR_MZ	Improved	0.20909	0.29139	0.28951	0.21001	7047933
unsweep	CML322_MZ	Improved	0.20636	0.29453	0.29204	0.20706	6860713
unsweep	CML330_MZ	Improved	0.20851	0.29184	0.28991	0.20974	7144267
unsweep	CML333_MZ	Improved	0.20808	0.29260	0.29051	0.20881	7598797
unsweep	CML341_MZ	Improved	0.20901	0.29166	0.28945	0.20989	7131682
unsweep	CML411_MZ	Improved	0.20942	0.29106	0.28913	0.21039	7108038
unsweep	CML418_MZ	Improved	0.20821	0.29236	0.29031	0.20912	7016698
unsweep	CML479_MZ	Improved	0.20772	0.29290	0.29069	0.20869	7151364
unsweep	CML504_MZ	Improved	0.20931	0.29163	0.28904	0.21002	7077218
unsweep	CML505_MZ	Improved	0.20924	0.29132	0.28936	0.21008	7357402
unsweep	CML511_MZ	Improved	0.20898	0.29167	0.28970	0.20966	7177201
unsweep	CML52_MZ	Improved	0.20653	0.29407	0.29210	0.20730	7210006
unsweep	CML69_MZ	Improved	0.20778	0.29286	0.29081	0.20855	7484048
unsweep	CML84_MZ	Improved	0.20819	0.29259	0.29049	0.20873	7307062
unsweep	CML85_MZ	Improved	0.20811	0.29256	0.29034	0.20900	7386241
unsweep	CML96_MZ	Improved	0.20864	0.29197	0.28992	0.20947	7168754
unsweep	CML99_MZ	Improved	0.20890	0.29184	0.28954	0.20972	7322642
unsweep	H16_MZ	Improved	0.20894	0.29184	0.28955	0.20966	6871728
unsweep	HP301_MZ	Improved	0.20749	0.29335	0.29105	0.20811	7583113
unsweep	IL14H_MZ	Improved	0.20747	0.29304	0.29111	0.20838	7483915
unsweep	KI11_MZ	Improved	0.20717	0.29351	0.29142	0.20790	7073322
unsweep	KI3_MZ	Improved	0.20747	0.29313	0.29101	0.20839	7762156
unsweep	KY21_MZ	Improved	0.20418	0.29648	0.29422	0.20511	6457394
unsweep	M162W_MZ	Improved	0.20658	0.29434	0.29187	0.20721	7279430
unsweep	M37W_MZ	Improved	0.20627	0.29436	0.29227	0.20711	7152717
unsweep	MO17_MZ	Improved	0.20840	0.29204	0.29022	0.20934	7330806
unsweep	MO18W_MZ	Improved	0.20573	0.29465	0.29275	0.20687	7146471
unsweep	MS71_MZ	Improved	0.20707	0.29355	0.29157	0.20781	7592102
unsweep	NC350_MZ	Improved	0.20492	0.29555	0.29339	0.20614	6585545
unsweep	NC358_MZ	Improved	0.20443	0.29618	0.29399	0.20540	6466652
unsweep	OH43_MZ	Improved	0.20624	0.29433	0.29240	0.20702	7900673
unsweep	OH7B_MZ	Improved	0.20651	0.29436	0.29189	0.20724	7170099
unsweep	P1_MZ	Improved	0.20880	0.29196	0.28967	0.20957	7226982
unsweep	P39_MZ	Improved	0.20666	0.29398	0.29188	0.20748	7335238
unsweep	TIL01_TEO	Wild	0.19003	0.31099	0.30873	0.19026	6059428
unsweep	TIL03_TEO	Wild	0.19441	0.30648	0.30424	0.19486	6696801
unsweep	TIL05_TEO	Wild	0.19183	0.30902	0.30708	0.19207	7160526
unsweep	TIL06-TIP260_TEO	Wild	0.18836	0.31258	0.31046	0.18860	6975590
unsweep	TIL07_TEO	Wild	0.19222	0.30869	0.30648	0.19260	7087560
unsweep	TIL08_TEO	Wild	0.18384	0.31733	0.31495	0.18388	7098328
unsweep	TIL09_TEO	Wild	0.19230	0.30867	0.30651	0.19252	7230348
unsweep	TIL10_TEO	Wild	0.19000	0.31094	0.30874	0.19032	7048090
unsweep	TIL11_TEO	Wild	0.19438	0.30639	0.30440	0.19482	6002093
unsweep	TIL12_TEO	Wild	0.18876	0.31245	0.30982	0.18897	5788016
unsweep	TIL15_TEO	Wild	0.18876	0.31233	0.30978	0.18913	6965079
unsweep	TIL16_TEO	Wild	0.18873	0.31232	0.30996	0.18899	6466791
unsweep	TIL17_TEO	Wild	0.19142	0.30945	0.30734	0.19180	6634650
unsweep	TIL25_TEO	Wild	0.18381	0.31711	0.31488	0.18420	7226929
unsweep	TIL04-TIP454_TEO	Wild	0.18969	0.31155	0.30904	0.18972	7053743
unsweep	TIL06-TIP496_TEO	Wild	0.18910	0.31190	0.30995	0.18904	6919722
unsweep	TIL14_TEO	Wild	0.19275	0.30806	0.30589	0.19330	6977672
unsweep	TX303_MZ	Improved	0.20720	0.29308	0.29127	0.20844	7389616
unsweep	TZI8_MZ	Improved	0.20763	0.29286	0.29110	0.20841	6388149
unsweep	VL0512447_MZ	Improved	0.20810	0.29253	0.29028	0.20910	6777777
unsweep	VL05128_MZ	Improved	0.20799	0.29243	0.29062	0.20897	7197690
unsweep	VL054178_MZ	Improved	0.20943	0.29126	0.28897	0.21034	7241609
unsweep	VL05610_MZ	Improved	0.20952	0.29137	0.28887	0.21025	7394941
unsweep	VL056883_MZ	Improved	0.20705	0.29335	0.29145	0.20816	7107025
unsweep	VL062784_MZ	Improved	0.20863	0.29190	0.28998	0.20949	7143857
unsweep	W22_MZ	Improved	0.20842	0.29220	0.29015	0.20922	7756745
unsweep	W64A_MZ	Improved	0.20650	0.29398	0.29212	0.20740	7860959
sampled_unsweep	B73_MZ	Improved	0.20513	0.29439	0.29286	0.20762	576107
sampled_unsweep	B97_MZ	Improved	0.20724	0.29278	0.29067	0.20931	584109
sampled_unsweep	BKN009_MZ	Landrace	0.20619	0.29473	0.29223	0.20686	589793
sampled_unsweep	BKN010_MZ	Landrace	0.20669	0.29316	0.29146	0.20869	592188
sampled_unsweep	BKN011_MZ	Landrace	0.20395	0.29552	0.29373	0.20680	576279
sampled_unsweep	BKN014_MZ	Landrace	0.20589	0.29464	0.29228	0.20719	586812
sampled_unsweep	BKN015_MZ	Landrace	0.20566	0.29434	0.29204	0.20796	581139
sampled_unsweep	BKN016_MZ	Landrace	0.20612	0.29459	0.29149	0.20781	587795
sampled_unsweep	BKN017_MZ	Landrace	0.20444	0.29619	0.29377	0.20560	568512
sampled_unsweep	BKN018_MZ	Landrace	0.20861	0.29201	0.28950	0.20987	595356
sampled_unsweep	BKN019_MZ	Landrace	0.20702	0.29345	0.29092	0.20862	590305
sampled_unsweep	BKN020_MZ	Landrace	0.20648	0.29328	0.29154	0.20870	585606
sampled_unsweep	BKN022_MZ	Landrace	0.20505	0.29446	0.29293	0.20756	584641
sampled_unsweep	BKN023_MZ	Landrace	0.20665	0.29303	0.29126	0.20906	583153
sampled_unsweep	BKN025_MZ	Landrace	0.20714	0.29232	0.29059	0.20995	590775
sampled_unsweep	BKN026_MZ	Landrace	0.20463	0.29563	0.29347	0.20627	578069
sampled_unsweep	BKN027_MZ	Landrace	0.20685	0.29303	0.29145	0.20867	587428
sampled_unsweep	BKN029_MZ	Landrace	0.20400	0.29551	0.29359	0.20690	572989
sampled_unsweep	BKN030_MZ	Landrace	0.20585	0.29422	0.29187	0.20806	581412
sampled_unsweep	BKN031_MZ	Landrace	0.20729	0.29296	0.29038	0.20937	590824
sampled_unsweep	BKN032_MZ	Landrace	0.20677	0.29362	0.29152	0.20809	587672
sampled_unsweep	BKN033_MZ	Landrace	0.20496	0.29510	0.29364	0.20631	576882
sampled_unsweep	BKN034_MZ	Landrace	0.20762	0.29264	0.29048	0.20926	583286
sampled_unsweep	BKN035_MZ	Landrace	0.20413	0.29668	0.29381	0.20539	577466
sampled_unsweep	BKN040_MZ	Landrace	0.20915	0.29146	0.28901	0.21038	573986
sampled_unsweep	CAU178_MZ	Improved	0.20504	0.29564	0.29306	0.20626	578117
sampled_unsweep	CAU478_MZ	Improved	0.20449	0.29563	0.29356	0.20632	572516
sampled_unsweep	CAU5003_MZ	Improved	0.20676	0.29345	0.29150	0.20829	582554
sampled_unsweep	CAUCHANG72_MZ	Improved	0.20495	0.29453	0.29358	0.20693	588634
sampled_unsweep	CAUMO17_MZ	Improved	0.20707	0.29375	0.29149	0.20769	601195
sampled_unsweep	CAUZHENG58_MZ	Improved	0.20755	0.29257	0.29082	0.20905	595055
sampled_unsweep	CML103_MZ	Improved	0.20700	0.29348	0.29064	0.20888	553208
sampled_unsweep	CML133_MZ	Improved	0.20773	0.29104	0.29004	0.21119	569586
sampled_unsweep	CML192_MZ	Improved	0.20832	0.29099	0.28948	0.21121	552333
sampled_unsweep	CML202_MZ	Improved	0.20798	0.29215	0.29064	0.20923	544041
sampled_unsweep	CML206_MZ	Improved	0.20909	0.29136	0.28896	0.21059	549653
sampled_unsweep	CML228_MZ	Improved	0.20727	0.29345	0.29113	0.20814	541423
sampled_unsweep	CML247_MZ	Improved	0.20457	0.29602	0.29283	0.20658	495517
sampled_unsweep	CML277_MZ	Improved	0.20632	0.29437	0.29187	0.20744	524402
sampled_unsweep	CML312SR_MZ	Improved	0.20877	0.29078	0.28955	0.21091	544802
sampled_unsweep	CML322_MZ	Improved	0.20572	0.29437	0.29212	0.20779	530549
sampled_unsweep	CML330_MZ	Improved	0.20896	0.29084	0.28917	0.21104	552075
sampled_unsweep	CML333_MZ	Improved	0.20788	0.29227	0.29041	0.20945	587314
sampled_unsweep	CML341_MZ	Improved	0.20874	0.29156	0.28881	0.21089	551087
sampled_unsweep	CML411_MZ	Improved	0.20903	0.29012	0.28925	0.21160	548833
sampled_unsweep	CML418_MZ	Improved	0.20748	0.29202	0.29043	0.21006	542349
sampled_unsweep	CML479_MZ	Improved	0.20780	0.29231	0.29039	0.20951	552695
sampled_unsweep	CML504_MZ	Improved	0.20870	0.29143	0.28926	0.21061	546649
sampled_unsweep	CML505_MZ	Improved	0.20898	0.29069	0.28950	0.21083	568583
sampled_unsweep	CML511_MZ	Improved	0.20829	0.29112	0.28995	0.21064	555210
sampled_unsweep	CML52_MZ	Improved	0.20666	0.29377	0.29161	0.20796	557621
sampled_unsweep	CML69_MZ	Improved	0.20781	0.29239	0.29084	0.20896	578006
sampled_unsweep	CML84_MZ	Improved	0.20781	0.29238	0.29039	0.20943	565113
sampled_unsweep	CML85_MZ	Improved	0.20858	0.29223	0.28942	0.20977	570923
sampled_unsweep	CML96_MZ	Improved	0.20827	0.29199	0.29007	0.20966	554311
sampled_unsweep	CML99_MZ	Improved	0.20846	0.29187	0.28958	0.21009	566265
sampled_unsweep	H16_MZ	Improved	0.20808	0.29159	0.29000	0.21033	531513
sampled_unsweep	HP301_MZ	Improved	0.20794	0.29286	0.29003	0.20918	586046
sampled_unsweep	IL14H_MZ	Improved	0.20692	0.29230	0.29129	0.20949	578380
sampled_unsweep	KI11_MZ	Improved	0.20746	0.29371	0.29090	0.20793	546901
sampled_unsweep	KI3_MZ	Improved	0.20742	0.29252	0.29088	0.20918	600007
sampled_unsweep	KY21_MZ	Improved	0.20403	0.29655	0.29394	0.20548	498949
sampled_unsweep	M162W_MZ	Improved	0.20634	0.29467	0.29121	0.20778	562866
sampled_unsweep	M37W_MZ	Improved	0.20572	0.29421	0.29247	0.20760	552913
sampled_unsweep	MO17_MZ	Improved	0.20833	0.29228	0.29007	0.20932	566687
sampled_unsweep	MO18W_MZ	Improved	0.20516	0.29433	0.29292	0.20759	551929
sampled_unsweep	MS71_MZ	Improved	0.20656	0.29273	0.29207	0.20864	587152
sampled_unsweep	NC350_MZ	Improved	0.20473	0.29550	0.29315	0.20662	509148
sampled_unsweep	NC358_MZ	Improved	0.20383	0.29557	0.29347	0.20714	499967
sampled_unsweep	OH43_MZ	Improved	0.20595	0.29405	0.29291	0.20709	610587
sampled_unsweep	OH7B_MZ	Improved	0.20619	0.29350	0.29211	0.20820	554402
sampled_unsweep	P1_MZ	Improved	0.20886	0.29179	0.28910	0.21025	558628
sampled_unsweep	P39_MZ	Improved	0.20574	0.29384	0.29177	0.20865	567247
sampled_unsweep	TIL01_TEO	Wild	0.19019	0.31059	0.30769	0.19154	468564
sampled_unsweep	TIL03_TEO	Wild	0.19340	0.30648	0.30448	0.19565	517354
sampled_unsweep	TIL05_TEO	Wild	0.19176	0.30848	0.30679	0.19297	553969
sampled_unsweep	TIL06-TIP260_TEO	Wild	0.18848	0.31217	0.30960	0.18975	539312
sampled_unsweep	TIL07_TEO	Wild	0.19290	0.30869	0.30589	0.19251	547839
sampled_unsweep	TIL08_TEO	Wild	0.18332	0.31724	0.31436	0.18508	548977
sampled_unsweep	TIL09_TEO	Wild	0.19217	0.30838	0.30619	0.19326	559014
sampled_unsweep	TIL10_TEO	Wild	0.19032	0.31029	0.30851	0.19088	544661
sampled_unsweep	TIL11_TEO	Wild	0.19448	0.30683	0.30348	0.19521	463215
sampled_unsweep	TIL12_TEO	Wild	0.18855	0.31215	0.30977	0.18952	446853
sampled_unsweep	TIL15_TEO	Wild	0.18867	0.31141	0.30976	0.19016	538313
sampled_unsweep	TIL16_TEO	Wild	0.18840	0.31161	0.30939	0.19060	499899
sampled_unsweep	TIL17_TEO	Wild	0.19088	0.30927	0.30703	0.19282	512433
sampled_unsweep	TIL25_TEO	Wild	0.18375	0.31666	0.31442	0.18517	558700
sampled_unsweep	TIL04-TIP454_TEO	Wild	0.18867	0.31108	0.30979	0.19046	545338
sampled_unsweep	TIL06-TIP496_TEO	Wild	0.18946	0.31161	0.30892	0.19001	535132
sampled_unsweep	TIL14_TEO	Wild	0.19153	0.30803	0.30624	0.19420	539315
sampled_unsweep	TX303_MZ	Improved	0.20665	0.29269	0.29175	0.20892	571447
sampled_unsweep	TZI8_MZ	Improved	0.20749	0.29211	0.29147	0.20893	493458
sampled_unsweep	VL0512447_MZ	Improved	0.20724	0.29215	0.29036	0.21025	523672
sampled_unsweep	VL05128_MZ	Improved	0.20716	0.29233	0.29057	0.20993	556416
sampled_unsweep	VL054178_MZ	Improved	0.20894	0.29090	0.28892	0.21123	559316
sampled_unsweep	VL05610_MZ	Improved	0.20915	0.29107	0.28879	0.21100	571544
sampled_unsweep	VL056883_MZ	Improved	0.20666	0.29272	0.29131	0.20931	549463
sampled_unsweep	VL062784_MZ	Improved	0.20811	0.29156	0.29000	0.21032	552271
sampled_unsweep	W22_MZ	Improved	0.20802	0.29166	0.28966	0.21066	599881
sampled_unsweep	W64A_MZ	Improved	0.20627	0.29338	0.29248	0.20787	607905
