Category	Strain	Group	A	C	G	T	Total
All	Gm_1	Wild	0.22563	0.27491	0.27430	0.22516	4638827
All	Gm_2	Landrace	0.24060	0.25959	0.25903	0.24079	4611392
All	Gm_3	Improved	0.24773	0.25245	0.25200	0.24782	4831989
All	Gm_4	Landrace	0.24328	0.25679	0.25647	0.24346	4355142
All	Gm_5	Landrace	0.24360	0.25662	0.25588	0.24390	4009583
All	Gm_6	Improved	0.24761	0.25267	0.25218	0.24753	4723165
All	Gm_7	Landrace	0.24407	0.25612	0.25525	0.24456	4057260
All	Gm_8	Landrace	0.24516	0.25510	0.25449	0.24525	4353783
All	Gm_9	Landrace	0.24549	0.25463	0.25416	0.24571	4503533
All	Gm_10	Landrace	0.24824	0.25187	0.25120	0.24869	4811867
All	Gm_11	Wild	0.23319	0.26724	0.26652	0.23305	4714350
All	Gm_12	Improved	0.24616	0.25395	0.25353	0.24636	4304229
All	Gm_13	Improved	0.24863	0.25133	0.25093	0.24911	4713517
All	Gm_14	Wild	0.23043	0.27020	0.26914	0.23023	4671771
All	Gm_15	Improved	0.24744	0.25291	0.25224	0.24741	4831305
All	Gm_16	Landrace	0.24800	0.25204	0.25157	0.24840	4799502
All	Gm_17	Wild	0.22344	0.27737	0.27615	0.22304	4222281
All	Gm_18	Improved	0.24817	0.25191	0.25148	0.24844	4718854
All	Gm_19	Wild	0.22901	0.27149	0.27067	0.22882	4297690
All	Gm_20	Improved	0.24776	0.25235	0.25185	0.24804	4827003
All	Gm_21	Landrace	0.24677	0.25369	0.25288	0.24665	4730863
All	Gm_22	Landrace	0.24826	0.25181	0.25133	0.24860	4811042
All	Gm_23	Landrace	0.24587	0.25423	0.25386	0.24604	4754222
All	Gm_24	Improved	0.24784	0.25241	0.25201	0.24774	4810881
All	Gm_25	Wild	0.22177	0.27862	0.27803	0.22158	4638141
All	Gm_26	Improved	0.24667	0.25366	0.25300	0.24667	4441977
All	Gm_27	Landrace	0.24625	0.25407	0.25328	0.24641	4389996
All	Gm_28	Landrace	0.24676	0.25329	0.25279	0.24716	4747106
All	Gm_29	Improved	0.24505	0.25516	0.25452	0.24526	4116133
All	Gm_30	Improved	0.24618	0.25377	0.25328	0.24676	4254141
All	Gm_31	Landrace	0.24679	0.25341	0.25294	0.24686	4617830
All	Gm_32	Landrace	0.24531	0.25461	0.25428	0.24580	4136005
All	Gm_33	Wild	0.21203	0.28870	0.28756	0.21170	3045862
All	Gm_34	Improved	0.24721	0.25305	0.25244	0.24730	4741384
All	Gm_35	Wild	0.22514	0.27533	0.27460	0.22493	4682680
All	Gm_36	Landrace	0.24420	0.25611	0.25529	0.24441	3951729
All	Gm_37	Improved	0.24785	0.25248	0.25185	0.24782	4821881
All	Gm_38	Improved	0.24736	0.25298	0.25238	0.24728	4809406
All	Gm_39	Improved	0.24640	0.25364	0.25319	0.24677	4486414
All	Gm_40	Landrace	0.24704	0.25325	0.25265	0.24706	4814139
All	Gm_41	Landrace	0.24713	0.25306	0.25232	0.24749	4837318
All	Gm_42	Landrace	0.24665	0.25351	0.25299	0.24685	4062285
All	Gm_43	Improved	0.24244	0.25777	0.25686	0.24293	3585100
All	Gm_44	Landrace	0.24526	0.25477	0.25422	0.24575	4508257
All	Gm_45	Improved	0.24700	0.25303	0.25265	0.24732	4486057
All	Gm_46	Wild	0.22678	0.27385	0.27277	0.22659	3872081
All	Gm_47	Improved	0.24398	0.25640	0.25588	0.24374	3818029
All	Gm_48	Landrace	0.24638	0.25374	0.25330	0.24658	4588364
All	Gm_49	Landrace	0.24797	0.25211	0.25152	0.24840	4829787
All	Gm_50	Landrace	0.24385	0.25625	0.25566	0.24425	3917561
All	Gm_51	Wild	0.22974	0.27085	0.26996	0.22945	4710807
All	Gm_52	Landrace	0.24542	0.25490	0.25413	0.24555	4367677
All	Gm_53	Wild	0.22139	0.27904	0.27802	0.22155	3825509
All	Gm_54	Landrace	0.24062	0.25918	0.25927	0.24093	4493164
All	Gm_55	Landrace	0.24843	0.25160	0.25114	0.24884	4831123
All	Gm_56	Improved	0.24762	0.25284	0.25213	0.24741	4671181
All	Gm_57	Wild	0.22526	0.27557	0.27460	0.22457	4477079
All	Gm_58	Improved	0.24229	0.25799	0.25721	0.24251	3591285
All	Gm_59	Landrace	0.24707	0.25311	0.25262	0.24720	4780654
All	Gm_60	Wild	0.22682	0.27371	0.27305	0.22642	4606899
All	Gm_61	Improved	0.24806	0.25201	0.25157	0.24837	4780414
All	Gm_62	Landrace	0.24377	0.25656	0.25562	0.24405	4019169
All	Gm_63	Improved	0.24117	0.25887	0.25861	0.24134	3948922
All	Gm_64	Improved	0.24728	0.25305	0.25240	0.24727	4789621
All	Gm_65	Wild	0.22516	0.27513	0.27450	0.22521	4600879
All	Gm_66	Landrace	0.24711	0.25317	0.25253	0.24719	4739758
All	Gm_67	Landrace	0.24825	0.25188	0.25137	0.24850	4769181
All	Gm_68	Landrace	0.24827	0.25203	0.25132	0.24838	4680212
All	Gm_69	Improved	0.24780	0.25221	0.25176	0.24824	4729948
All	Gm_70	Wild	0.21634	0.28428	0.28351	0.21587	3586185
All	Gm_71	Improved	0.24622	0.25394	0.25353	0.24631	4235456
All	Gm_72	Landrace	0.24633	0.25386	0.25322	0.24658	4786476
All	Gm_73	Landrace	0.24726	0.25300	0.25233	0.24741	4775474
All	Gm_74	Improved	0.24662	0.25344	0.25301	0.24693	4340549
All	Gm_75	Wild	0.21075	0.29002	0.28908	0.21016	3360457
All	Gm_76	Improved	0.24829	0.25160	0.25134	0.24877	4796255
All	Gm_77	Landrace	0.24677	0.25319	0.25278	0.24725	4725880
All	Gm_78	Landrace	0.24572	0.25429	0.25381	0.24618	4682665
All	Gm_79	Wild	0.22102	0.27946	0.27873	0.22079	4072253
All	Gm_80	Improved	0.24866	0.25133	0.25102	0.24899	4846786
All	Gm_81	Improved	0.24684	0.25304	0.25272	0.24741	4567697
All	Gm_82	Landrace	0.24789	0.25245	0.25190	0.24776	4761745
All	Gm_83	Landrace	0.24585	0.25417	0.25372	0.24625	4621088
All	Gm_84	Improved	0.24741	0.25289	0.25230	0.24740	4745001
All	Gm_85	Wild	0.22214	0.27824	0.27732	0.22230	4047556
All	Gm_86	Improved	0.24848	0.25163	0.25114	0.24875	4771778
All	Gm_87	Landrace	0.22489	0.27536	0.27468	0.22506	3047510
All	Gm_88	Landrace	0.24328	0.25683	0.25615	0.24374	4228141
All	Gm_89	Landrace	0.24293	0.25748	0.25660	0.24300	3960903
All	Gm_90	Wild	0.22686	0.27363	0.27301	0.22650	4724908
All	Gm_91	Landrace	0.24809	0.25205	0.25151	0.24835	4771243
All	Gm_92	Improved	0.24371	0.25633	0.25571	0.24425	3725401
All	Gm_93	Improved	0.24791	0.25232	0.25182	0.24794	4644960
All	Gm_94	Improved	0.24720	0.25280	0.25237	0.24762	4562412
All	Gm_95	Landrace	0.24645	0.25373	0.25306	0.24676	4589111
All	Gm_96	Wild	0.22692	0.27345	0.27280	0.22682	4727033
All	Gm_97	Landrace	0.24736	0.25280	0.25210	0.24774	4582368
All	Gm_98	Landrace	0.24702	0.25302	0.25268	0.24728	4818822
All	Gm_99	Landrace	0.24734	0.25276	0.25217	0.24772	4779840
All	Gm_100	Improved	0.24834	0.25173	0.25131	0.24861	4820528
All	Gm_101	Landrace	0.24398	0.25613	0.25550	0.24439	3922144
All	Gm_102	Wild	0.22811	0.27259	0.27165	0.22764	4700193
All	Gm_103	Improved	0.24811	0.25223	0.25168	0.24799	4541325
All	Gm_104	Wild	0.22514	0.27506	0.27463	0.22517	4701102
All	Gm_105	Improved	0.24672	0.25343	0.25296	0.24689	4339068
All	Gm_106	Improved	0.24801	0.25205	0.25160	0.24834	4656779
All	Gm_107	Wild	0.23166	0.26880	0.26804	0.23150	4735289
All	Gm_108	Improved	0.24569	0.25440	0.25413	0.24578	4257881
All	Gm_109	Landrace	0.24658	0.25342	0.25295	0.24706	4705706
All	Gm_110	Landrace	0.24702	0.25350	0.25285	0.24663	4674798
All	Gm_111	Wild	0.22020	0.28022	0.27942	0.22017	3395941
All	Gm_112	Landrace	0.24295	0.25737	0.25669	0.24299	4288805
All	Gm_113	Improved	0.24599	0.25414	0.25354	0.24632	4268089
All	Gm_114	Wild	0.22691	0.27382	0.27275	0.22652	4527248
All	Gm_115	Landrace	0.24271	0.25775	0.25673	0.24280	4072483
All	Gm_116	Landrace	0.24784	0.25261	0.25161	0.24795	4789601
All	Gm_117	Improved	0.24823	0.25191	0.25148	0.24838	4798341
All	Gm_118	Improved	0.24850	0.25162	0.25109	0.24878	4760646
All	Gm_119	Improved	0.24795	0.25216	0.25170	0.24820	4831413
All	Gm_120	Improved	0.24738	0.25311	0.25239	0.24713	4806185
All	Gm_121	Improved	0.24793	0.25221	0.25176	0.24810	4802958
All	Gm_122	Landrace	0.24808	0.25199	0.25165	0.24828	4809529
All	Gm_123	Improved	0.24660	0.25347	0.25295	0.24698	4607872
All	Gm_124	Wild	0.22655	0.27387	0.27323	0.22635	4686926
All	Gm_125	Landrace	0.24679	0.25333	0.25282	0.24706	4734484
All	Gm_126	Landrace	0.24783	0.25226	0.25179	0.24813	4780450
All	Gm_127	Landrace	0.24863	0.25142	0.25099	0.24896	4832895
All	Gm_128	Landrace	0.24673	0.25330	0.25297	0.24700	4776932
All	Gm_129	Wild	0.22798	0.27281	0.27175	0.22747	4707896
All	Gm_130	Landrace	0.24698	0.25331	0.25273	0.24699	4787990
All	Gm_131	Wild	0.22230	0.27810	0.27734	0.22226	4143183
All	Gm_132	Improved	0.24735	0.25293	0.25219	0.24753	4766360
All	Gm_133	Improved	0.24894	0.25111	0.25069	0.24926	4649466
All	Gm_134	Wild	0.23151	0.26896	0.26817	0.23136	4716402
All	Gm_135	Improved	0.24817	0.25169	0.25131	0.24884	4775948
All	Gm_136	Improved	0.24787	0.25229	0.25181	0.24803	4787759
All	Gm_137	Landrace	0.24770	0.25276	0.25201	0.24754	4821922
All	Gm_138	Wild	0.22814	0.27262	0.27152	0.22772	4695406
All	Gm_139	Improved	0.24514	0.25476	0.25440	0.24570	3992953
All	Gm_140	Landrace	0.24709	0.25287	0.25246	0.24758	4768709
All	Gm_141	Wild	0.22055	0.28026	0.27874	0.22045	3312821
All	Gm_142	Landrace	0.23969	0.26056	0.25995	0.23979	3633045
All	Gm_143	Landrace	0.24840	0.25172	0.25132	0.24857	4791213
All	Gm_144	Improved	0.24713	0.25325	0.25264	0.24697	4825034
All	Gm_145	Wild	0.21998	0.28019	0.27960	0.22022	4697350
All	Gm_146	Landrace	0.24296	0.25711	0.25661	0.24332	4382915
All	Gm_147	Improved	0.24667	0.25383	0.25312	0.24638	4846479
All	Gm_148	Improved	0.24861	0.25150	0.25100	0.24889	4826806
All	Gm_149	Improved	0.24568	0.25455	0.25373	0.24604	4089897
All	Gm_150	Landrace	0.24349	0.25641	0.25574	0.24436	4116031
All	Gm_151	Landrace	0.24502	0.25525	0.25423	0.24551	3837033
All	Gm_152	Wild	0.22495	0.27548	0.27483	0.22474	4662581
All	Gm_153	Landrace	0.24617	0.25388	0.25359	0.24636	4793357
All	Gm_154	Landrace	0.24805	0.25206	0.25165	0.24824	4809985
All	Gm_155	Landrace	0.24857	0.25145	0.25100	0.24898	4799199
All	Gm_156	Landrace	0.24577	0.25418	0.25389	0.24617	4333102
All	Gm_157	Landrace	0.24218	0.25802	0.25737	0.24243	4458560
All	Gm_158	Landrace	0.24643	0.25391	0.25311	0.24655	4811435
All	Gm_159	Improved	0.24811	0.25209	0.25156	0.24825	4742890
All	Gm_160	Landrace	0.24592	0.25431	0.25349	0.24628	4651136
All	Gm_161	Wild	0.22679	0.27358	0.27285	0.22678	4702892
All	Gm_162	Improved	0.24466	0.25559	0.25481	0.24494	4310341
All	Gm_163	Landrace	0.24764	0.25255	0.25186	0.24795	4680209
All	Gm_164	Wild	0.21170	0.28894	0.28824	0.21112	3029857
All	Gm_165	Landrace	0.24549	0.25472	0.25401	0.24578	4739261
All	Gm_166	Wild	0.22098	0.27950	0.27899	0.22053	3960860
All	Gm_167	Improved	0.24746	0.25259	0.25206	0.24789	4570107
All	Gm_168	Landrace	0.24502	0.25517	0.25443	0.24538	4297575
All	Gm_169	Landrace	0.24764	0.25271	0.25217	0.24748	4768794
All	Gm_170	Improved	0.24831	0.25172	0.25143	0.24854	4782347
All	Gm_171	Wild	0.22495	0.27566	0.27482	0.22457	3644603
All	Gm_172	Landrace	0.24176	0.25859	0.25752	0.24212	3556069
All	Gm_173	Landrace	0.23706	0.26306	0.26249	0.23739	3259863
All	Gm_174	Wild	0.21949	0.28092	0.28032	0.21927	4618081
All	Gm_175	Landrace	0.23996	0.25997	0.25943	0.24063	3949820
All	Gm_176	Landrace	0.24524	0.25517	0.25409	0.24551	4518344
All	Gm_177	Improved	0.24720	0.25328	0.25241	0.24711	4726661
All	Gm_178	Landrace	0.24734	0.25280	0.25214	0.24773	4833759
All	Gm_179	Landrace	0.24213	0.25800	0.25729	0.24257	4082676
All	Gm_180	Landrace	0.24703	0.25302	0.25264	0.24730	4810429
All	Gm_181	Improved	0.24793	0.25203	0.25164	0.24840	4531267
All	Gm_182	Improved	0.24761	0.25266	0.25212	0.24761	4628033
All	Gm_183	Landrace	0.24652	0.25351	0.25290	0.24706	4804460
All	Gm_184	Improved	0.24840	0.25189	0.25128	0.24843	4793339
All	Gm_185	Landrace	0.24806	0.25201	0.25172	0.24822	4830969
All	Gm_186	Improved	0.24775	0.25239	0.25173	0.24812	4824192
All	Gm_187	Landrace	0.24629	0.25399	0.25307	0.24665	4269040
All	Gm_188	Landrace	0.24821	0.25197	0.25137	0.24846	4826297
All	Gm_189	Improved	0.24430	0.25599	0.25542	0.24429	3966898
All	Gm_190	Improved	0.24872	0.25136	0.25092	0.24901	4842812
All	Gm_191	Landrace	0.24646	0.25352	0.25310	0.24692	4790237
All	Gm_192	Landrace	0.24847	0.25169	0.25108	0.24876	4825580
All	Gm_193	Wild	0.21509	0.28555	0.28444	0.21493	3556468
All	Gm_194	Landrace	0.24780	0.25247	0.25189	0.24784	4790680
All	Gm_195	Wild	0.22271	0.27810	0.27712	0.22207	4249085
All	Gm_196	Improved	0.24512	0.25498	0.25433	0.24557	3879453
All	Gm_197	Landrace	0.24675	0.25331	0.25278	0.24716	4636009
All	Gm_198	Wild	0.22542	0.27485	0.27450	0.22523	4625618
All	Gm_199	Improved	0.24727	0.25282	0.25232	0.24760	4729441
All	Gm_200	Improved	0.24764	0.25244	0.25190	0.24802	4820783
All	Gm_201	Wild	0.22805	0.27267	0.27169	0.22758	4709865
All	Gm_202	Improved	0.24791	0.25210	0.25167	0.24832	4653613
All	Gm_203	Landrace	0.24255	0.25768	0.25671	0.24307	3883594
All	Gm_204	Improved	0.24790	0.25210	0.25174	0.24826	4793282
All	Gm_205	Wild	0.22724	0.27338	0.27250	0.22687	4687080
All	Gm_206	Improved	0.24558	0.25449	0.25372	0.24620	4123934
All	Gm_207	Landrace	0.24388	0.25594	0.25569	0.24449	3953554
All	Gm_208	Landrace	0.24700	0.25302	0.25248	0.24750	4790823
All	Gm_209	Improved	0.24871	0.25136	0.25093	0.24900	4809735
All	Gm_210	Improved	0.24741	0.25304	0.25223	0.24733	4616208
All	Gm_211	Improved	0.24835	0.25195	0.25146	0.24824	4766384
All	Gm_212	Improved	0.24712	0.25302	0.25242	0.24744	4773138
All	Gm_213	Landrace	0.24669	0.25312	0.25288	0.24731	4699831
All	Gm_214	Landrace	0.24753	0.25243	0.25197	0.24807	4766566
All	Gm_215	Improved	0.24786	0.25226	0.25179	0.24808	4778380
All	Gm_216	Wild	0.22370	0.27698	0.27618	0.22315	4599973
All	Gm_217	Landrace	0.24775	0.25240	0.25182	0.24804	4682378
All	Gm_218	Landrace	0.24682	0.25310	0.25257	0.24751	4802439
All	Gm_219	Landrace	0.24565	0.25457	0.25383	0.24594	4416320
All	Gm_220	Landrace	0.24701	0.25315	0.25252	0.24731	4810737
All	Gm_221	Landrace	0.24865	0.25144	0.25102	0.24889	4845271
All	Gm_222	Improved	0.24523	0.25518	0.25429	0.24530	4102776
All	Gm_223	Landrace	0.24746	0.25289	0.25223	0.24743	4793148
All	Gm_224	Improved	0.24811	0.25226	0.25166	0.24797	4799253
All	Gm_225	Landrace	0.24698	0.25316	0.25271	0.24716	4762914
All	Gm_226	Wild	0.21447	0.28661	0.28510	0.21382	3527631
All	Gm_227	Landrace	0.24454	0.25582	0.25506	0.24459	4235441
All	Gm_228	Landrace	0.24807	0.25188	0.25156	0.24849	4807433
All	Gm_229	Wild	0.22604	0.27442	0.27354	0.22600	4731442
All	Gm_230	Improved	0.24494	0.25539	0.25463	0.24504	4097839
All	Gm_231	Landrace	0.24375	0.25644	0.25566	0.24415	4004909
All	Gm_232	Landrace	0.24726	0.25305	0.25230	0.24740	4816035
All	Gm_233	Wild	0.22590	0.27469	0.27359	0.22582	4370720
All	Gm_234	Landrace	0.24776	0.25245	0.25181	0.24798	4776568
All	Gm_235	Improved	0.24734	0.25311	0.25243	0.24711	4839771
All	Gm_236	Wild	0.23031	0.27030	0.26943	0.22996	4728598
All	Gm_237	Improved	0.24294	0.25717	0.25665	0.24324	3872387
All	Gm_238	Improved	0.24794	0.25241	0.25180	0.24785	4699559
All	Gm_239	Improved	0.24799	0.25226	0.25180	0.24795	4828049
All	Gm_240	Improved	0.24718	0.25277	0.25239	0.24766	4416880
All	Gm_241	Landrace	0.24439	0.25549	0.25502	0.24510	3932806
All	Gm_242	Wild	0.21935	0.28118	0.28028	0.21919	4673797
All	Gm_243	Landrace	0.24684	0.25325	0.25268	0.24722	4816741
All	Gm_244	Wild	0.21985	0.28064	0.27985	0.21965	4137395
All	Gm_245	Landrace	0.24855	0.25147	0.25101	0.24897	4751633
All	Gm_246	Landrace	0.24629	0.25368	0.25310	0.24693	4802227
All	Gm_247	Improved	0.24833	0.25180	0.25116	0.24871	4752537
All	Gm_248	Wild	0.22512	0.27514	0.27455	0.22518	4691767
All	Gm_249	Improved	0.24665	0.25344	0.25316	0.24676	4330760
All	Gm_250	Landrace	0.24387	0.25644	0.25541	0.24429	3727996
All	Gm_251	Landrace	0.24592	0.25435	0.25379	0.24594	4429503
All	Gm_252	Wild	0.22766	0.27301	0.27202	0.22731	4704337
All	Gm_253	Landrace	0.24205	0.25796	0.25734	0.24265	3889229
All	Gm_254	Improved	0.24792	0.25223	0.25154	0.24830	4750423
All	Gm_255	Landrace	0.24799	0.25207	0.25172	0.24822	4789709
All	Gm_256	Landrace	0.24569	0.25432	0.25384	0.24614	4769157
All	Gm_257	Wild	0.23105	0.26914	0.26868	0.23113	4619464
All	Gm_258	Landrace	0.24718	0.25308	0.25244	0.24731	4662682
All	Gm_259	Wild	0.22615	0.27430	0.27342	0.22613	4692421
All	Gm_260	Landrace	0.24330	0.25688	0.25608	0.24374	3911460
All	Gm_261	Landrace	0.24221	0.25776	0.25731	0.24271	3590454
All	Gm_262	Improved	0.24707	0.25345	0.25264	0.24684	4820242
All	Gm_263	Wild	0.22671	0.27367	0.27302	0.22660	4645324
All	Gm_264	Improved	0.24813	0.25215	0.25167	0.24805	4818204
All	Gm_265	Landrace	0.24699	0.25299	0.25247	0.24755	4770896
All	Gm_266	Wild	0.22923	0.27126	0.27054	0.22897	4528006
All	Gm_267	Improved	0.24593	0.25451	0.25364	0.24592	4475481
All	Gm_268	Improved	0.24349	0.25647	0.25592	0.24411	3784148
All	Gm_269	Improved	0.24665	0.25381	0.25310	0.24644	4830817
All	Gm_270	Improved	0.24688	0.25331	0.25276	0.24704	4381321
All	Gm_271	Improved	0.24728	0.25315	0.25243	0.24714	4820099
All	Gm_272	Wild	0.22609	0.27448	0.27365	0.22579	4685463
All	Gm_273	Improved	0.24702	0.25305	0.25275	0.24718	4610631
All	Gm_274	Improved	0.24837	0.25159	0.25128	0.24875	4792431
All	Gm_275	Improved	0.24782	0.25235	0.25197	0.24786	4751613
All	Gm_276	Landrace	0.24784	0.25224	0.25187	0.24804	4804829
All	Gm_277	Improved	0.24822	0.25203	0.25143	0.24833	4783794
All	Gm_278	Improved	0.24856	0.25155	0.25106	0.24884	4821210
All	Gm_279	Wild	0.22743	0.27287	0.27212	0.22758	4650740
All	Gm_280	Improved	0.24638	0.25381	0.25332	0.24649	4327943
All	Gm_281	Improved	0.24750	0.25266	0.25216	0.24768	4760434
All	Gm_282	Improved	0.24871	0.25140	0.25090	0.24899	4786650
All	Gm_283	Wild	0.22708	0.27343	0.27278	0.22671	4700137
All	Gm_284	Landrace	0.24748	0.25256	0.25206	0.24790	4828746
All	Gm_285	Wild	0.22944	0.27069	0.27040	0.22946	4653600
All	Gm_286	Improved	0.24484	0.25524	0.25474	0.24518	4328726
All	Gm_287	Landrace	0.24739	0.25255	0.25228	0.24778	4813743
All	Gm_288	Wild	0.22530	0.27512	0.27440	0.22518	4649299
All	Gm_289	Landrace	0.24466	0.25579	0.25470	0.24486	4235487
All	Gm_290	Improved	0.24558	0.25450	0.25411	0.24581	4099567
All	Gm_291	Landrace	0.24505	0.25494	0.25453	0.24549	3897734
All	Gm_292	Improved	0.24661	0.25386	0.25312	0.24642	4316505
All	Gm_293	Landrace	0.24814	0.25208	0.25138	0.24840	4775122
All	Gm_294	Landrace	0.24707	0.25304	0.25243	0.24745	4805442
All	Gm_295	Improved	0.24679	0.25335	0.25274	0.24712	4409964
All	Gm_296	Improved	0.24748	0.25291	0.25224	0.24737	4687996
All	Gm_297	Improved	0.24827	0.25207	0.25159	0.24807	4796857
All	Gm_298	Wild	0.22075	0.27980	0.27903	0.22042	4648332
All	Gm_299	Landrace	0.24612	0.25418	0.25356	0.24615	4789053
All	Gm_300	Improved	0.24770	0.25229	0.25174	0.24826	4823779
All	Gm_301	Landrace	0.24695	0.25327	0.25269	0.24708	4252629
All	Gm_302	Landrace	0.24246	0.25763	0.25711	0.24281	3893540
sweep	Gm_1	Wild	0.22669	0.27441	0.27315	0.22574	224224
sweep	Gm_2	Landrace	0.26166	0.23737	0.23813	0.26284	226157
sweep	Gm_3	Improved	0.26696	0.23322	0.23247	0.26735	234013
sweep	Gm_4	Landrace	0.26546	0.23424	0.23429	0.26602	213708
sweep	Gm_5	Landrace	0.26672	0.23279	0.23291	0.26759	205198
sweep	Gm_6	Improved	0.26791	0.23235	0.23209	0.26765	232102
sweep	Gm_7	Landrace	0.26489	0.23430	0.23461	0.26620	198364
sweep	Gm_8	Landrace	0.26627	0.23415	0.23320	0.26637	211280
sweep	Gm_9	Landrace	0.26609	0.23441	0.23410	0.26539	222853
sweep	Gm_10	Landrace	0.26742	0.23260	0.23228	0.26770	233348
sweep	Gm_11	Wild	0.24490	0.25363	0.25530	0.24617	229021
sweep	Gm_12	Improved	0.26782	0.23254	0.23184	0.26780	222964
sweep	Gm_13	Improved	0.26797	0.23211	0.23151	0.26841	228339
sweep	Gm_14	Wild	0.23793	0.25982	0.26226	0.24000	223208
sweep	Gm_15	Improved	0.26728	0.23336	0.23282	0.26653	233223
sweep	Gm_16	Landrace	0.26671	0.23371	0.23280	0.26678	232642
sweep	Gm_17	Wild	0.23426	0.26557	0.26548	0.23470	203351
sweep	Gm_18	Improved	0.26695	0.23309	0.23239	0.26757	230330
sweep	Gm_19	Wild	0.23877	0.26047	0.26110	0.23966	208229
sweep	Gm_20	Improved	0.26710	0.23272	0.23256	0.26761	233978
sweep	Gm_21	Landrace	0.26606	0.23391	0.23404	0.26599	229538
sweep	Gm_22	Landrace	0.26717	0.23263	0.23306	0.26714	233644
sweep	Gm_23	Landrace	0.26637	0.23412	0.23311	0.26639	229629
sweep	Gm_24	Improved	0.26663	0.23320	0.23276	0.26741	233061
sweep	Gm_25	Wild	0.22809	0.27053	0.27321	0.22817	223026
sweep	Gm_26	Improved	0.26499	0.23461	0.23440	0.26599	228613
sweep	Gm_27	Landrace	0.26679	0.23358	0.23298	0.26665	213951
sweep	Gm_28	Landrace	0.26664	0.23338	0.23295	0.26703	230697
sweep	Gm_29	Improved	0.26734	0.23321	0.23210	0.26735	216656
sweep	Gm_30	Improved	0.26735	0.23166	0.23194	0.26905	217579
sweep	Gm_31	Landrace	0.26702	0.23286	0.23318	0.26694	223551
sweep	Gm_32	Landrace	0.26607	0.23409	0.23343	0.26642	201031
sweep	Gm_33	Wild	0.21504	0.28659	0.28349	0.21488	137263
sweep	Gm_34	Improved	0.26736	0.23317	0.23264	0.26683	229917
sweep	Gm_35	Wild	0.22443	0.27613	0.27532	0.22412	225765
sweep	Gm_36	Landrace	0.26748	0.23265	0.23296	0.26692	218836
sweep	Gm_37	Improved	0.26735	0.23219	0.23250	0.26795	233680
sweep	Gm_38	Improved	0.26724	0.23310	0.23284	0.26682	233261
sweep	Gm_39	Improved	0.26691	0.23309	0.23249	0.26750	224263
sweep	Gm_40	Landrace	0.26613	0.23389	0.23389	0.26609	232758
sweep	Gm_41	Landrace	0.26670	0.23298	0.23252	0.26780	234221
sweep	Gm_42	Landrace	0.26727	0.23309	0.23219	0.26745	206972
sweep	Gm_43	Improved	0.26361	0.23548	0.23538	0.26554	174289
sweep	Gm_44	Landrace	0.26523	0.23510	0.23454	0.26514	223120
sweep	Gm_45	Improved	0.26696	0.23299	0.23244	0.26761	217350
sweep	Gm_46	Wild	0.23525	0.26238	0.26516	0.23722	177676
sweep	Gm_47	Improved	0.26765	0.23217	0.23199	0.26819	209477
sweep	Gm_48	Landrace	0.26716	0.23342	0.23239	0.26703	224422
sweep	Gm_49	Landrace	0.26666	0.23293	0.23266	0.26776	234246
sweep	Gm_50	Landrace	0.26761	0.23237	0.23191	0.26811	218418
sweep	Gm_51	Wild	0.23595	0.26232	0.26321	0.23852	227880
sweep	Gm_52	Landrace	0.26641	0.23362	0.23324	0.26673	219279
sweep	Gm_53	Wild	0.23146	0.26726	0.26972	0.23156	175909
sweep	Gm_54	Landrace	0.26369	0.23641	0.23666	0.26325	218283
sweep	Gm_55	Landrace	0.26718	0.23278	0.23283	0.26721	234308
sweep	Gm_56	Improved	0.26704	0.23234	0.23289	0.26772	227685
sweep	Gm_57	Wild	0.23095	0.26854	0.26937	0.23114	214738
sweep	Gm_58	Improved	0.26523	0.23462	0.23469	0.26545	179706
sweep	Gm_59	Landrace	0.26716	0.23323	0.23237	0.26724	233213
sweep	Gm_60	Wild	0.23387	0.26544	0.26606	0.23462	219098
sweep	Gm_61	Improved	0.26557	0.23426	0.23390	0.26628	233523
sweep	Gm_62	Landrace	0.26719	0.23271	0.23251	0.26759	205785
sweep	Gm_63	Improved	0.26253	0.23724	0.23649	0.26375	194987
sweep	Gm_64	Improved	0.26736	0.23313	0.23263	0.26688	232992
sweep	Gm_65	Wild	0.22660	0.27469	0.27329	0.22542	221363
sweep	Gm_66	Landrace	0.26627	0.23393	0.23329	0.26650	231776
sweep	Gm_67	Landrace	0.26607	0.23377	0.23323	0.26692	233010
sweep	Gm_68	Landrace	0.26734	0.23357	0.23248	0.26661	230599
sweep	Gm_69	Improved	0.26757	0.23296	0.23282	0.26665	230048
sweep	Gm_70	Wild	0.22300	0.27508	0.27887	0.22305	166135
sweep	Gm_71	Improved	0.26707	0.23326	0.23201	0.26766	221953
sweep	Gm_72	Landrace	0.26591	0.23303	0.23439	0.26666	232691
sweep	Gm_73	Landrace	0.26791	0.23354	0.23228	0.26627	232776
sweep	Gm_74	Improved	0.26795	0.23197	0.23226	0.26781	219873
sweep	Gm_75	Wild	0.22319	0.27568	0.27634	0.22480	161331
sweep	Gm_76	Improved	0.26807	0.23204	0.23204	0.26784	233705
sweep	Gm_77	Landrace	0.26604	0.23411	0.23326	0.26659	230583
sweep	Gm_78	Landrace	0.26626	0.23262	0.23401	0.26712	232907
sweep	Gm_79	Wild	0.23047	0.27012	0.26987	0.22954	192619
sweep	Gm_80	Improved	0.26792	0.23234	0.23200	0.26774	234390
sweep	Gm_81	Improved	0.26750	0.23244	0.23222	0.26784	229857
sweep	Gm_82	Landrace	0.26678	0.23311	0.23303	0.26709	231833
sweep	Gm_83	Landrace	0.26661	0.23353	0.23335	0.26651	228687
sweep	Gm_84	Improved	0.26693	0.23277	0.23279	0.26752	230915
sweep	Gm_85	Wild	0.23087	0.26661	0.27010	0.23241	194335
sweep	Gm_86	Improved	0.26785	0.23248	0.23185	0.26782	232914
sweep	Gm_87	Landrace	0.24263	0.25913	0.25734	0.24090	129566
sweep	Gm_88	Landrace	0.26390	0.23508	0.23567	0.26535	204259
sweep	Gm_89	Landrace	0.26725	0.23322	0.23280	0.26673	216031
sweep	Gm_90	Wild	0.23337	0.26597	0.26645	0.23421	225738
sweep	Gm_91	Landrace	0.26821	0.23253	0.23201	0.26725	232802
sweep	Gm_92	Improved	0.26442	0.23590	0.23426	0.26542	179430
sweep	Gm_93	Improved	0.26771	0.23261	0.23217	0.26751	225785
sweep	Gm_94	Improved	0.26677	0.23331	0.23249	0.26743	223064
sweep	Gm_95	Landrace	0.26605	0.23386	0.23387	0.26621	227376
sweep	Gm_96	Wild	0.22992	0.27099	0.26977	0.22932	227813
sweep	Gm_97	Landrace	0.26670	0.23386	0.23251	0.26693	225355
sweep	Gm_98	Landrace	0.26728	0.23177	0.23265	0.26829	234012
sweep	Gm_99	Landrace	0.26749	0.23235	0.23248	0.26768	233355
sweep	Gm_100	Improved	0.26771	0.23227	0.23278	0.26724	233340
sweep	Gm_101	Landrace	0.26762	0.23236	0.23192	0.26811	218463
sweep	Gm_102	Wild	0.23989	0.25904	0.26062	0.24046	227365
sweep	Gm_103	Improved	0.26779	0.23212	0.23226	0.26784	227141
sweep	Gm_104	Wild	0.23274	0.26581	0.26810	0.23334	226580
sweep	Gm_105	Improved	0.26736	0.23305	0.23188	0.26771	226618
sweep	Gm_106	Improved	0.26795	0.23206	0.23170	0.26829	228426
sweep	Gm_107	Wild	0.23978	0.25962	0.26081	0.23979	228103
sweep	Gm_108	Improved	0.26663	0.23294	0.23329	0.26713	219762
sweep	Gm_109	Landrace	0.26640	0.23336	0.23296	0.26729	230611
sweep	Gm_110	Landrace	0.26791	0.23334	0.23188	0.26687	227687
sweep	Gm_111	Wild	0.23200	0.26741	0.26938	0.23122	147065
sweep	Gm_112	Landrace	0.26546	0.23488	0.23459	0.26508	209578
sweep	Gm_113	Improved	0.26665	0.23400	0.23278	0.26657	208609
sweep	Gm_114	Wild	0.23764	0.26195	0.26243	0.23798	210986
sweep	Gm_115	Landrace	0.26396	0.23525	0.23533	0.26546	197598
sweep	Gm_116	Landrace	0.26731	0.23256	0.23263	0.26749	232771
sweep	Gm_117	Improved	0.26799	0.23234	0.23173	0.26793	232990
sweep	Gm_118	Improved	0.26813	0.23224	0.23167	0.26796	232323
sweep	Gm_119	Improved	0.26668	0.23370	0.23274	0.26687	233550
sweep	Gm_120	Improved	0.26742	0.23247	0.23312	0.26699	233087
sweep	Gm_121	Improved	0.26676	0.23213	0.23285	0.26825	232948
sweep	Gm_122	Landrace	0.26675	0.23320	0.23308	0.26697	232559
sweep	Gm_123	Improved	0.26711	0.23354	0.23261	0.26674	225804
sweep	Gm_124	Wild	0.22664	0.27430	0.27334	0.22572	226449
sweep	Gm_125	Landrace	0.26699	0.23352	0.23264	0.26685	232249
sweep	Gm_126	Landrace	0.26768	0.23246	0.23214	0.26772	231847
sweep	Gm_127	Landrace	0.26810	0.23228	0.23156	0.26806	233534
sweep	Gm_128	Landrace	0.26777	0.23183	0.23228	0.26812	233021
sweep	Gm_129	Wild	0.23616	0.26253	0.26448	0.23683	226512
sweep	Gm_130	Landrace	0.26757	0.23308	0.23269	0.26666	232545
sweep	Gm_131	Wild	0.22735	0.27225	0.27313	0.22726	199024
sweep	Gm_132	Improved	0.26748	0.23294	0.23224	0.26734	232893
sweep	Gm_133	Improved	0.26843	0.23175	0.23122	0.26861	225389
sweep	Gm_134	Wild	0.23956	0.25953	0.26101	0.23989	227096
sweep	Gm_135	Improved	0.26716	0.23233	0.23246	0.26805	232656
sweep	Gm_136	Improved	0.26737	0.23290	0.23215	0.26758	232390
sweep	Gm_137	Landrace	0.26824	0.23234	0.23171	0.26770	234074
sweep	Gm_138	Wild	0.23682	0.26209	0.26385	0.23723	225358
sweep	Gm_139	Improved	0.26805	0.23171	0.23138	0.26887	212097
sweep	Gm_140	Landrace	0.26725	0.23292	0.23238	0.26745	230514
sweep	Gm_141	Wild	0.23720	0.26210	0.26347	0.23723	142295
sweep	Gm_142	Landrace	0.26259	0.23754	0.23727	0.26259	180484
sweep	Gm_143	Landrace	0.26750	0.23212	0.23267	0.26771	232561
sweep	Gm_144	Improved	0.26717	0.23292	0.23286	0.26704	233691
sweep	Gm_145	Wild	0.22517	0.27435	0.27595	0.22453	226624
sweep	Gm_146	Landrace	0.26255	0.23640	0.23743	0.26362	212165
sweep	Gm_147	Improved	0.26748	0.23341	0.23257	0.26654	234493
sweep	Gm_148	Improved	0.26809	0.23216	0.23160	0.26816	233584
sweep	Gm_149	Improved	0.26778	0.23184	0.23149	0.26889	213495
sweep	Gm_150	Landrace	0.26430	0.23515	0.23512	0.26543	200660
sweep	Gm_151	Landrace	0.26535	0.23552	0.23362	0.26551	188640
sweep	Gm_152	Wild	0.22547	0.27561	0.27443	0.22450	224793
sweep	Gm_153	Landrace	0.26634	0.23321	0.23401	0.26644	233527
sweep	Gm_154	Landrace	0.26680	0.23364	0.23266	0.26690	232802
sweep	Gm_155	Landrace	0.26706	0.23270	0.23294	0.26730	233272
sweep	Gm_156	Landrace	0.26642	0.23318	0.23313	0.26727	225431
sweep	Gm_157	Landrace	0.25969	0.24167	0.24128	0.25736	215991
sweep	Gm_158	Landrace	0.26626	0.23419	0.23349	0.26606	233077
sweep	Gm_159	Improved	0.26672	0.23283	0.23298	0.26748	230170
sweep	Gm_160	Landrace	0.26532	0.23456	0.23397	0.26616	228444
sweep	Gm_161	Wild	0.23646	0.26029	0.26325	0.23999	226524
sweep	Gm_162	Improved	0.26465	0.23557	0.23515	0.26463	207739
sweep	Gm_163	Landrace	0.26803	0.23233	0.23194	0.26770	230127
sweep	Gm_164	Wild	0.22447	0.27539	0.27781	0.22233	139501
sweep	Gm_165	Landrace	0.26696	0.23329	0.23263	0.26712	231858
sweep	Gm_166	Wild	0.22969	0.26887	0.27095	0.23049	183497
sweep	Gm_167	Improved	0.26778	0.23181	0.23186	0.26855	228738
sweep	Gm_168	Landrace	0.26609	0.23454	0.23394	0.26544	209288
sweep	Gm_169	Landrace	0.26591	0.23391	0.23419	0.26599	231907
sweep	Gm_170	Improved	0.26746	0.23267	0.23230	0.26757	233404
sweep	Gm_171	Wild	0.24009	0.25953	0.26100	0.23938	156802
sweep	Gm_172	Landrace	0.26373	0.23602	0.23552	0.26474	172222
sweep	Gm_173	Landrace	0.26044	0.23919	0.23985	0.26051	168106
sweep	Gm_174	Wild	0.22550	0.27263	0.27501	0.22686	221233
sweep	Gm_175	Landrace	0.26276	0.23678	0.23620	0.26426	190466
sweep	Gm_176	Landrace	0.26620	0.23450	0.23380	0.26550	220311
sweep	Gm_177	Improved	0.26727	0.23287	0.23241	0.26745	229457
sweep	Gm_178	Landrace	0.26716	0.23292	0.23245	0.26748	234170
sweep	Gm_179	Landrace	0.26300	0.23611	0.23580	0.26509	197735
sweep	Gm_180	Landrace	0.26698	0.23382	0.23314	0.26606	233815
sweep	Gm_181	Improved	0.26721	0.23228	0.23331	0.26720	218092
sweep	Gm_182	Improved	0.26752	0.23310	0.23259	0.26680	228497
sweep	Gm_183	Landrace	0.26579	0.23374	0.23335	0.26712	233064
sweep	Gm_184	Improved	0.26736	0.23213	0.23279	0.26772	233396
sweep	Gm_185	Landrace	0.26800	0.23235	0.23190	0.26775	233784
sweep	Gm_186	Improved	0.26686	0.23263	0.23278	0.26772	234067
sweep	Gm_187	Landrace	0.26626	0.23307	0.23222	0.26844	208569
sweep	Gm_188	Landrace	0.26806	0.23215	0.23199	0.26780	233554
sweep	Gm_189	Improved	0.26760	0.23297	0.23179	0.26765	211885
sweep	Gm_190	Improved	0.26816	0.23218	0.23170	0.26796	234120
sweep	Gm_191	Landrace	0.26606	0.23364	0.23309	0.26722	232614
sweep	Gm_192	Landrace	0.26663	0.23278	0.23326	0.26733	234250
sweep	Gm_193	Wild	0.22890	0.26837	0.27139	0.23133	169300
sweep	Gm_194	Landrace	0.26701	0.23302	0.23243	0.26753	232651
sweep	Gm_195	Wild	0.23045	0.26822	0.27008	0.23125	204122
sweep	Gm_196	Improved	0.26783	0.23216	0.23161	0.26840	210547
sweep	Gm_197	Landrace	0.26754	0.23303	0.23227	0.26717	228810
sweep	Gm_198	Wild	0.22806	0.27127	0.27249	0.22817	223318
sweep	Gm_199	Improved	0.26741	0.23288	0.23209	0.26762	230119
sweep	Gm_200	Improved	0.26709	0.23275	0.23272	0.26744	233240
sweep	Gm_201	Wild	0.23648	0.26214	0.26407	0.23731	225981
sweep	Gm_202	Improved	0.26770	0.23213	0.23168	0.26849	226580
sweep	Gm_203	Landrace	0.26412	0.23544	0.23534	0.26510	186874
sweep	Gm_204	Improved	0.26758	0.23269	0.23240	0.26733	232779
sweep	Gm_205	Wild	0.23573	0.26267	0.26544	0.23616	226726
sweep	Gm_206	Improved	0.26650	0.23330	0.23302	0.26717	201288
sweep	Gm_207	Landrace	0.26488	0.23501	0.23440	0.26571	191567
sweep	Gm_208	Landrace	0.26680	0.23275	0.23246	0.26799	232954
sweep	Gm_209	Improved	0.26809	0.23219	0.23158	0.26814	233711
sweep	Gm_210	Improved	0.26732	0.23265	0.23252	0.26751	226924
sweep	Gm_211	Improved	0.26733	0.23275	0.23252	0.26740	232193
sweep	Gm_212	Improved	0.26672	0.23280	0.23286	0.26762	232229
sweep	Gm_213	Landrace	0.26680	0.23398	0.23300	0.26621	228124
sweep	Gm_214	Landrace	0.26671	0.23289	0.23298	0.26743	229543
sweep	Gm_215	Improved	0.26707	0.23265	0.23261	0.26767	231946
sweep	Gm_216	Wild	0.22474	0.27684	0.27551	0.22291	222232
sweep	Gm_217	Landrace	0.26626	0.23365	0.23366	0.26643	229573
sweep	Gm_218	Landrace	0.26683	0.23334	0.23268	0.26715	233096
sweep	Gm_219	Landrace	0.26506	0.23452	0.23444	0.26598	213470
sweep	Gm_220	Landrace	0.26671	0.23281	0.23352	0.26697	233678
sweep	Gm_221	Landrace	0.26721	0.23293	0.23310	0.26676	233873
sweep	Gm_222	Improved	0.26632	0.23456	0.23340	0.26573	199957
sweep	Gm_223	Landrace	0.26735	0.23267	0.23243	0.26756	233477
sweep	Gm_224	Improved	0.26754	0.23301	0.23232	0.26713	233240
sweep	Gm_225	Landrace	0.26733	0.23284	0.23258	0.26725	232495
sweep	Gm_226	Wild	0.22658	0.27296	0.27406	0.22640	161814
sweep	Gm_227	Landrace	0.26487	0.23547	0.23436	0.26530	206642
sweep	Gm_228	Landrace	0.26744	0.23283	0.23243	0.26730	233547
sweep	Gm_229	Wild	0.23488	0.26285	0.26459	0.23769	226086
sweep	Gm_230	Improved	0.26625	0.23404	0.23386	0.26585	201271
sweep	Gm_231	Landrace	0.26477	0.23478	0.23510	0.26536	193781
sweep	Gm_232	Landrace	0.26641	0.23259	0.23354	0.26746	233257
sweep	Gm_233	Wild	0.23540	0.26337	0.26495	0.23627	209656
sweep	Gm_234	Landrace	0.26716	0.23314	0.23254	0.26716	233160
sweep	Gm_235	Improved	0.26704	0.23305	0.23293	0.26698	234130
sweep	Gm_236	Wild	0.23938	0.25887	0.26051	0.24124	227674
sweep	Gm_237	Improved	0.26442	0.23520	0.23467	0.26570	193715
sweep	Gm_238	Improved	0.26756	0.23250	0.23249	0.26745	231004
sweep	Gm_239	Improved	0.26785	0.23337	0.23195	0.26682	234008
sweep	Gm_240	Improved	0.26751	0.23297	0.23219	0.26733	214052
sweep	Gm_241	Landrace	0.26722	0.23291	0.23270	0.26717	213217
sweep	Gm_242	Wild	0.22369	0.27671	0.27561	0.22399	224154
sweep	Gm_243	Landrace	0.26616	0.23371	0.23366	0.26647	233516
sweep	Gm_244	Wild	0.22217	0.27971	0.27713	0.22100	202366
sweep	Gm_245	Landrace	0.26688	0.23319	0.23253	0.26741	232193
sweep	Gm_246	Landrace	0.26647	0.23321	0.23334	0.26698	233527
sweep	Gm_247	Improved	0.26766	0.23237	0.23229	0.26768	231098
sweep	Gm_248	Wild	0.23213	0.26790	0.26703	0.23293	225181
sweep	Gm_249	Improved	0.26764	0.23236	0.23223	0.26777	219335
sweep	Gm_250	Landrace	0.26394	0.23489	0.23624	0.26493	182216
sweep	Gm_251	Landrace	0.26640	0.23304	0.23303	0.26753	223436
sweep	Gm_252	Wild	0.23673	0.26247	0.26331	0.23749	227087
sweep	Gm_253	Landrace	0.26488	0.23543	0.23551	0.26417	212444
sweep	Gm_254	Improved	0.26718	0.23366	0.23203	0.26714	229859
sweep	Gm_255	Landrace	0.26684	0.23324	0.23316	0.26676	231681
sweep	Gm_256	Landrace	0.26633	0.23388	0.23339	0.26640	231852
sweep	Gm_257	Wild	0.23230	0.26795	0.26724	0.23251	221485
sweep	Gm_258	Landrace	0.26707	0.23240	0.23248	0.26805	229147
sweep	Gm_259	Wild	0.23472	0.26282	0.26448	0.23798	224311
sweep	Gm_260	Landrace	0.26479	0.23513	0.23482	0.26526	190348
sweep	Gm_261	Landrace	0.26723	0.23255	0.23249	0.26773	212245
sweep	Gm_262	Improved	0.26702	0.23312	0.23284	0.26701	233530
sweep	Gm_263	Wild	0.22575	0.27468	0.27367	0.22590	225393
sweep	Gm_264	Improved	0.26773	0.23306	0.23196	0.26725	234084
sweep	Gm_265	Landrace	0.26662	0.23292	0.23274	0.26772	232650
sweep	Gm_266	Wild	0.23919	0.25938	0.26145	0.23997	219269
sweep	Gm_267	Improved	0.26683	0.23357	0.23301	0.26659	225298
sweep	Gm_268	Improved	0.26483	0.23473	0.23428	0.26616	181670
sweep	Gm_269	Improved	0.26731	0.23349	0.23270	0.26650	233747
sweep	Gm_270	Improved	0.26837	0.23226	0.23171	0.26765	225463
sweep	Gm_271	Improved	0.26731	0.23322	0.23257	0.26691	234678
sweep	Gm_272	Wild	0.22729	0.27296	0.27199	0.22775	226196
sweep	Gm_273	Improved	0.26753	0.23259	0.23225	0.26763	228696
sweep	Gm_274	Improved	0.26718	0.23223	0.23284	0.26775	232992
sweep	Gm_275	Improved	0.26685	0.23289	0.23288	0.26739	232719
sweep	Gm_276	Landrace	0.26786	0.23247	0.23198	0.26770	233006
sweep	Gm_277	Improved	0.26663	0.23265	0.23252	0.26820	232341
sweep	Gm_278	Improved	0.26696	0.23323	0.23228	0.26753	233534
sweep	Gm_279	Wild	0.23141	0.26809	0.26912	0.23138	224175
sweep	Gm_280	Improved	0.26727	0.23281	0.23250	0.26742	213574
sweep	Gm_281	Improved	0.26732	0.23306	0.23262	0.26700	231478
sweep	Gm_282	Improved	0.26801	0.23209	0.23167	0.26824	232656
sweep	Gm_283	Wild	0.23335	0.26566	0.26613	0.23486	224328
sweep	Gm_284	Landrace	0.26729	0.23265	0.23242	0.26764	234071
sweep	Gm_285	Wild	0.24108	0.25833	0.25852	0.24207	225216
sweep	Gm_286	Improved	0.26441	0.23529	0.23499	0.26531	211893
sweep	Gm_287	Landrace	0.26762	0.23269	0.23279	0.26690	233353
sweep	Gm_288	Wild	0.23611	0.26229	0.26338	0.23821	223609
sweep	Gm_289	Landrace	0.26534	0.23449	0.23445	0.26572	204982
sweep	Gm_290	Improved	0.26748	0.23208	0.23245	0.26799	221252
sweep	Gm_291	Landrace	0.26718	0.23266	0.23277	0.26739	208807
sweep	Gm_292	Improved	0.26641	0.23392	0.23288	0.26679	209956
sweep	Gm_293	Landrace	0.26663	0.23337	0.23271	0.26728	232169
sweep	Gm_294	Landrace	0.26629	0.23370	0.23350	0.26650	232597
sweep	Gm_295	Improved	0.26773	0.23253	0.23195	0.26779	221696
sweep	Gm_296	Improved	0.26738	0.23304	0.23261	0.26696	233399
sweep	Gm_297	Improved	0.26793	0.23295	0.23182	0.26730	233553
sweep	Gm_298	Wild	0.22869	0.27144	0.27194	0.22793	224645
sweep	Gm_299	Landrace	0.26608	0.23347	0.23330	0.26715	232957
sweep	Gm_300	Improved	0.26744	0.23248	0.23179	0.26828	233506
sweep	Gm_301	Landrace	0.26662	0.23276	0.23407	0.26655	209354
sweep	Gm_302	Landrace	0.26532	0.23523	0.23427	0.26519	211699
unsweep	Gm_1	Wild	0.22558	0.27493	0.27436	0.22513	4414603
unsweep	Gm_2	Landrace	0.23951	0.26073	0.26011	0.23965	4385235
unsweep	Gm_3	Improved	0.24676	0.25343	0.25299	0.24682	4597976
unsweep	Gm_4	Landrace	0.24213	0.25796	0.25761	0.24230	4141434
unsweep	Gm_5	Landrace	0.24235	0.25790	0.25712	0.24262	3804385
unsweep	Gm_6	Improved	0.24656	0.25372	0.25322	0.24649	4491063
unsweep	Gm_7	Landrace	0.24300	0.25724	0.25631	0.24345	3858896
unsweep	Gm_8	Landrace	0.24408	0.25617	0.25558	0.24417	4142503
unsweep	Gm_9	Landrace	0.24442	0.25569	0.25521	0.24468	4280680
unsweep	Gm_10	Landrace	0.24727	0.25285	0.25216	0.24772	4578519
unsweep	Gm_11	Wild	0.23259	0.26794	0.26709	0.23238	4485329
unsweep	Gm_12	Improved	0.24498	0.25512	0.25472	0.24519	4081265
unsweep	Gm_13	Improved	0.24764	0.25231	0.25192	0.24813	4485178
unsweep	Gm_14	Wild	0.23006	0.27072	0.26949	0.22973	4448563
unsweep	Gm_15	Improved	0.24643	0.25390	0.25323	0.24644	4598082
unsweep	Gm_16	Landrace	0.24705	0.25297	0.25252	0.24746	4566860
unsweep	Gm_17	Wild	0.22290	0.27796	0.27669	0.22245	4018930
unsweep	Gm_18	Improved	0.24721	0.25287	0.25246	0.24746	4488524
unsweep	Gm_19	Wild	0.22852	0.27205	0.27116	0.22827	4089461
unsweep	Gm_20	Improved	0.24677	0.25335	0.25283	0.24704	4593025
unsweep	Gm_21	Landrace	0.24579	0.25470	0.25385	0.24567	4501325
unsweep	Gm_22	Landrace	0.24730	0.25279	0.25226	0.24766	4577398
unsweep	Gm_23	Landrace	0.24483	0.25525	0.25491	0.24501	4524593
unsweep	Gm_24	Improved	0.24688	0.25338	0.25299	0.24674	4577820
unsweep	Gm_25	Wild	0.22146	0.27903	0.27827	0.22124	4415115
unsweep	Gm_26	Improved	0.24568	0.25469	0.25401	0.24562	4213364
unsweep	Gm_27	Landrace	0.24520	0.25512	0.25432	0.24537	4176045
unsweep	Gm_28	Landrace	0.24574	0.25430	0.25381	0.24614	4516409
unsweep	Gm_29	Improved	0.24382	0.25638	0.25577	0.24403	3899477
unsweep	Gm_30	Improved	0.24504	0.25496	0.25443	0.24556	4036562
unsweep	Gm_31	Landrace	0.24576	0.25445	0.25394	0.24584	4394279
unsweep	Gm_32	Landrace	0.24425	0.25566	0.25535	0.24474	3934974
unsweep	Gm_33	Wild	0.21189	0.28880	0.28775	0.21155	2908599
unsweep	Gm_34	Improved	0.24619	0.25406	0.25345	0.24631	4511467
unsweep	Gm_35	Wild	0.22517	0.27529	0.27456	0.22497	4456915
unsweep	Gm_36	Landrace	0.24283	0.25748	0.25660	0.24309	3732893
unsweep	Gm_37	Improved	0.24685	0.25351	0.25284	0.24680	4588201
unsweep	Gm_38	Improved	0.24634	0.25399	0.25338	0.24629	4576145
unsweep	Gm_39	Improved	0.24532	0.25472	0.25428	0.24568	4262151
unsweep	Gm_40	Landrace	0.24607	0.25423	0.25360	0.24610	4581381
unsweep	Gm_41	Landrace	0.24614	0.25408	0.25333	0.24646	4603097
unsweep	Gm_42	Landrace	0.24555	0.25460	0.25411	0.24574	3855313
unsweep	Gm_43	Improved	0.24135	0.25891	0.25796	0.24178	3410811
unsweep	Gm_44	Landrace	0.24422	0.25579	0.25524	0.24475	4285137
unsweep	Gm_45	Improved	0.24599	0.25405	0.25368	0.24629	4268707
unsweep	Gm_46	Wild	0.22637	0.27440	0.27314	0.22608	3694405
unsweep	Gm_47	Improved	0.24261	0.25781	0.25727	0.24232	3608552
unsweep	Gm_48	Landrace	0.24532	0.25479	0.25437	0.24553	4363942
unsweep	Gm_49	Landrace	0.24702	0.25308	0.25248	0.24741	4595541
unsweep	Gm_50	Landrace	0.24245	0.25766	0.25706	0.24284	3699143
unsweep	Gm_51	Wild	0.22942	0.27129	0.27030	0.22899	4482927
unsweep	Gm_52	Landrace	0.24431	0.25602	0.25523	0.24443	4148398
unsweep	Gm_53	Wild	0.22091	0.27961	0.27842	0.22107	3649600
unsweep	Gm_54	Landrace	0.23944	0.26035	0.26043	0.23979	4274881
unsweep	Gm_55	Landrace	0.24748	0.25255	0.25207	0.24790	4596815
unsweep	Gm_56	Improved	0.24663	0.25389	0.25311	0.24637	4443496
unsweep	Gm_57	Wild	0.22497	0.27592	0.27487	0.22424	4262341
unsweep	Gm_58	Improved	0.24108	0.25923	0.25840	0.24130	3411579
unsweep	Gm_59	Landrace	0.24604	0.25413	0.25366	0.24617	4547441
unsweep	Gm_60	Wild	0.22647	0.27412	0.27339	0.22602	4387801
unsweep	Gm_61	Improved	0.24716	0.25292	0.25248	0.24745	4546891
unsweep	Gm_62	Landrace	0.24251	0.25785	0.25687	0.24278	3813384
unsweep	Gm_63	Improved	0.24006	0.26000	0.25976	0.24018	3753935
unsweep	Gm_64	Improved	0.24625	0.25407	0.25341	0.24627	4556629
unsweep	Gm_65	Wild	0.22509	0.27515	0.27457	0.22519	4379516
unsweep	Gm_66	Landrace	0.24612	0.25416	0.25352	0.24619	4507982
