Iteration	Category	Strain	Group	A	C	G	T	Total
1	Genic	Gm_1	Wild	0.25344	0.24677	0.24709	0.25270	686008
1	Genic	Gm_2	Landrace	0.25904	0.24085	0.24274	0.25737	673506
1	Genic	Gm_3	Improved	0.26199	0.23743	0.23968	0.26090	699195
1	Genic	Gm_4	Landrace	0.26059	0.23934	0.24076	0.25931	661522
1	Genic	Gm_5	Landrace	0.25960	0.24031	0.24168	0.25841	550221
1	Genic	Gm_6	Improved	0.26168	0.23869	0.23915	0.26048	685867
1	Genic	Gm_7	Landrace	0.26015	0.23968	0.24083	0.25934	629886
1	Genic	Gm_8	Landrace	0.26105	0.23815	0.24041	0.26039	667532
1	Genic	Gm_9	Landrace	0.26183	0.23823	0.23933	0.26061	666963
1	Genic	Gm_10	Landrace	0.26176	0.23748	0.23916	0.26160	697526
1	Genic	Gm_11	Wild	0.25572	0.24384	0.24495	0.25549	691951
1	Genic	Gm_12	Improved	0.26115	0.23827	0.24060	0.25998	626415
1	Genic	Gm_13	Improved	0.26204	0.23786	0.23871	0.26139	690786
1	Genic	Gm_14	Wild	0.25455	0.24613	0.24636	0.25295	683057
1	Genic	Gm_15	Improved	0.26161	0.23891	0.23934	0.26014	699173
1	Genic	Gm_16	Landrace	0.26229	0.23748	0.23892	0.26131	695559
1	Genic	Gm_17	Wild	0.25222	0.24797	0.24848	0.25132	619559
1	Genic	Gm_18	Improved	0.26259	0.23778	0.23860	0.26103	684744
1	Genic	Gm_19	Wild	0.25433	0.24487	0.24661	0.25419	651497
1	Genic	Gm_20	Improved	0.26235	0.23732	0.23878	0.26154	698752
1	Genic	Gm_21	Landrace	0.26131	0.23827	0.23985	0.26057	692157
1	Genic	Gm_22	Landrace	0.26237	0.23694	0.23895	0.26173	696828
1	Genic	Gm_23	Landrace	0.26129	0.23780	0.24032	0.26059	691805
1	Genic	Gm_24	Improved	0.26194	0.23807	0.23931	0.26068	696714
1	Genic	Gm_25	Wild	0.25148	0.24827	0.24904	0.25121	682789
1	Genic	Gm_26	Improved	0.26185	0.23864	0.23936	0.26015	638033
1	Genic	Gm_27	Landrace	0.26191	0.23795	0.23978	0.26036	658961
1	Genic	Gm_28	Landrace	0.26158	0.23801	0.23915	0.26126	690785
1	Genic	Gm_29	Improved	0.25962	0.24044	0.24106	0.25888	588801
1	Genic	Gm_30	Improved	0.26076	0.23908	0.24052	0.25964	595969
1	Genic	Gm_31	Landrace	0.26167	0.23800	0.23975	0.26057	682910
1	Genic	Gm_32	Landrace	0.26102	0.23824	0.24069	0.26005	636418
1	Genic	Gm_33	Wild	0.24538	0.25624	0.25442	0.24397	434019
1	Genic	Gm_34	Improved	0.26155	0.23882	0.23944	0.26019	691631
1	Genic	Gm_35	Wild	0.25336	0.24703	0.24703	0.25258	688601
1	Genic	Gm_36	Landrace	0.25987	0.23958	0.24094	0.25961	575614
1	Genic	Gm_37	Improved	0.26237	0.23753	0.23920	0.26090	699210
1	Genic	Gm_38	Improved	0.26162	0.23891	0.23945	0.26002	697414
1	Genic	Gm_39	Improved	0.26120	0.23841	0.23989	0.26050	650814
1	Genic	Gm_40	Landrace	0.26202	0.23815	0.23926	0.26057	697955
1	Genic	Gm_41	Landrace	0.26134	0.23830	0.23932	0.26105	699527
1	Genic	Gm_42	Landrace	0.26097	0.23828	0.24063	0.26012	601942
1	Genic	Gm_43	Improved	0.25972	0.24055	0.24147	0.25827	570803
1	Genic	Gm_44	Landrace	0.26138	0.23885	0.23961	0.26016	669021
1	Genic	Gm_45	Improved	0.26149	0.23851	0.23934	0.26067	669254
1	Genic	Gm_46	Wild	0.25200	0.24829	0.24875	0.25096	555448
1	Genic	Gm_47	Improved	0.25983	0.24048	0.24166	0.25804	553036
1	Genic	Gm_48	Landrace	0.26149	0.23872	0.24000	0.25979	659250
1	Genic	Gm_49	Landrace	0.26243	0.23757	0.23869	0.26132	698907
1	Genic	Gm_50	Landrace	0.25982	0.23992	0.24201	0.25825	542254
1	Genic	Gm_51	Wild	0.25491	0.24535	0.24669	0.25304	690093
1	Genic	Gm_52	Landrace	0.26104	0.23841	0.24037	0.26017	631417
1	Genic	Gm_53	Wild	0.24994	0.24984	0.25080	0.24942	541363
1	Genic	Gm_54	Landrace	0.25961	0.23923	0.24229	0.25888	662976
1	Genic	Gm_55	Landrace	0.26233	0.23732	0.23900	0.26135	700077
1	Genic	Gm_56	Improved	0.26177	0.23828	0.23984	0.26011	675837
1	Genic	Gm_57	Wild	0.25205	0.24808	0.24864	0.25122	652588
1	Genic	Gm_58	Improved	0.25884	0.24097	0.24266	0.25754	565758
1	Genic	Gm_59	Landrace	0.26242	0.23783	0.23890	0.26085	694764
1	Genic	Gm_60	Wild	0.25341	0.24732	0.24727	0.25200	676259
1	Genic	Gm_61	Improved	0.26262	0.23763	0.23850	0.26125	690427
1	Genic	Gm_62	Landrace	0.25975	0.24034	0.24151	0.25841	551525
1	Genic	Gm_63	Improved	0.25823	0.24129	0.24346	0.25701	558376
1	Genic	Gm_64	Improved	0.26152	0.23899	0.23948	0.26001	690507
1	Genic	Gm_65	Wild	0.25322	0.24695	0.24669	0.25313	677248
1	Genic	Gm_66	Landrace	0.26227	0.23815	0.23840	0.26118	692051
1	Genic	Gm_67	Landrace	0.26263	0.23715	0.23863	0.26159	693049
1	Genic	Gm_68	Landrace	0.26316	0.23747	0.23802	0.26134	688832
1	Genic	Gm_69	Improved	0.26205	0.23813	0.23862	0.26120	691743
1	Genic	Gm_70	Wild	0.24679	0.25331	0.25405	0.24585	509071
1	Genic	Gm_71	Improved	0.26150	0.23872	0.24042	0.25937	609449
1	Genic	Gm_72	Landrace	0.26122	0.23839	0.24033	0.26007	693997
1	Genic	Gm_73	Landrace	0.26212	0.23703	0.23969	0.26116	694190
1	Genic	Gm_74	Improved	0.26179	0.23843	0.23946	0.26032	634350
1	Genic	Gm_75	Wild	0.24521	0.25568	0.25501	0.24410	483534
1	Genic	Gm_76	Improved	0.26222	0.23740	0.23885	0.26152	694470
1	Genic	Gm_77	Landrace	0.26186	0.23773	0.23935	0.26105	689539
1	Genic	Gm_78	Landrace	0.26067	0.23867	0.24029	0.26037	684416
1	Genic	Gm_79	Wild	0.25043	0.24944	0.25045	0.24968	596310
1	Genic	Gm_80	Improved	0.26249	0.23782	0.23890	0.26079	701097
1	Genic	Gm_81	Improved	0.26215	0.23808	0.23931	0.26045	663569
1	Genic	Gm_82	Landrace	0.26243	0.23758	0.23914	0.26085	693397
1	Genic	Gm_83	Landrace	0.26197	0.23865	0.23919	0.26019	683303
1	Genic	Gm_84	Improved	0.26156	0.23859	0.23942	0.26043	688714
1	Genic	Gm_85	Wild	0.24989	0.25069	0.25094	0.24847	575975
1	Genic	Gm_86	Improved	0.26205	0.23794	0.23874	0.26127	692514
1	Genic	Gm_87	Landrace	0.25145	0.24894	0.24984	0.24977	425621
1	Genic	Gm_88	Landrace	0.26048	0.23965	0.24051	0.25936	654576
1	Genic	Gm_89	Landrace	0.26017	0.24017	0.24059	0.25907	576049
1	Genic	Gm_90	Wild	0.25344	0.24724	0.24735	0.25197	690839
1	Genic	Gm_91	Landrace	0.26228	0.23753	0.23909	0.26110	694398
1	Genic	Gm_92	Improved	0.26029	0.24045	0.24066	0.25859	591870
1	Genic	Gm_93	Improved	0.26199	0.23851	0.23901	0.26049	680633
1	Genic	Gm_94	Improved	0.26190	0.23789	0.23908	0.26114	677518
1	Genic	Gm_95	Landrace	0.26239	0.23779	0.23906	0.26076	673830
1	Genic	Gm_96	Wild	0.25401	0.24673	0.24650	0.25277	692821
1	Genic	Gm_97	Landrace	0.26269	0.23756	0.23880	0.26095	674832
1	Genic	Gm_98	Landrace	0.26241	0.23791	0.23882	0.26086	697933
1	Genic	Gm_99	Landrace	0.26195	0.23790	0.23933	0.26082	694974
1	Genic	Gm_100	Improved	0.26278	0.23803	0.23868	0.26050	698368
1	Genic	Gm_101	Landrace	0.25985	0.23997	0.24187	0.25831	542741
1	Genic	Gm_102	Wild	0.25363	0.24604	0.24720	0.25313	688436
1	Genic	Gm_103	Improved	0.26211	0.23789	0.23961	0.26038	657060
1	Genic	Gm_104	Wild	0.25178	0.24785	0.24914	0.25123	687947
1	Genic	Gm_105	Improved	0.26213	0.23856	0.23968	0.25964	628827
1	Genic	Gm_106	Improved	0.26178	0.23797	0.23923	0.26102	676570
1	Genic	Gm_107	Wild	0.25518	0.24512	0.24581	0.25389	692049
1	Genic	Gm_108	Improved	0.26092	0.23865	0.24061	0.25982	609359
1	Genic	Gm_109	Landrace	0.26153	0.23831	0.23954	0.26062	682046
1	Genic	Gm_110	Landrace	0.26254	0.23787	0.23906	0.26052	684523
1	Genic	Gm_111	Wild	0.24864	0.25076	0.25131	0.24929	486937
1	Genic	Gm_112	Landrace	0.26123	0.23946	0.24008	0.25922	658118
1	Genic	Gm_113	Improved	0.26060	0.23852	0.24028	0.26060	646645
1	Genic	Gm_114	Wild	0.25295	0.24748	0.24780	0.25177	651184
1	Genic	Gm_115	Landrace	0.25944	0.24002	0.24196	0.25857	633785
1	Genic	Gm_116	Landrace	0.26236	0.23737	0.23874	0.26152	695413
1	Genic	Gm_117	Improved	0.26223	0.23788	0.23895	0.26093	695476
1	Genic	Gm_118	Improved	0.26209	0.23803	0.23866	0.26123	694019
1	Genic	Gm_119	Improved	0.26245	0.23775	0.23904	0.26076	699657
1	Genic	Gm_120	Improved	0.26167	0.23849	0.23956	0.26028	695228
1	Genic	Gm_121	Improved	0.26248	0.23749	0.23898	0.26105	696872
1	Genic	Gm_122	Landrace	0.26259	0.23719	0.23894	0.26127	697729
1	Genic	Gm_123	Improved	0.26110	0.23880	0.23995	0.26015	674335
1	Genic	Gm_124	Wild	0.25431	0.24672	0.24641	0.25255	690350
1	Genic	Gm_125	Landrace	0.26202	0.23797	0.23897	0.26105	689318
1	Genic	Gm_126	Landrace	0.26229	0.23788	0.23907	0.26077	693849
1	Genic	Gm_127	Landrace	0.26224	0.23764	0.23873	0.26138	699969
1	Genic	Gm_128	Landrace	0.26230	0.23801	0.23898	0.26070	694279
1	Genic	Gm_129	Wild	0.25351	0.24707	0.24697	0.25244	688655
1	Genic	Gm_130	Landrace	0.26255	0.23803	0.23867	0.26076	694710
1	Genic	Gm_131	Wild	0.25279	0.24778	0.24836	0.25107	645404
1	Genic	Gm_132	Improved	0.26153	0.23808	0.23935	0.26104	689059
1	Genic	Gm_133	Improved	0.26218	0.23784	0.23847	0.26150	685909
1	Genic	Gm_134	Wild	0.25504	0.24521	0.24583	0.25391	688882
1	Genic	Gm_135	Improved	0.26250	0.23703	0.23865	0.26182	693706
1	Genic	Gm_136	Improved	0.26229	0.23756	0.23904	0.26110	692138
1	Genic	Gm_137	Landrace	0.26243	0.23799	0.23870	0.26088	699476
1	Genic	Gm_138	Wild	0.25368	0.24688	0.24679	0.25265	687948
1	Genic	Gm_139	Improved	0.26091	0.23874	0.24088	0.25947	564550
1	Genic	Gm_140	Landrace	0.26205	0.23780	0.23899	0.26117	691090
1	Genic	Gm_141	Wild	0.24842	0.25184	0.25165	0.24810	465484
1	Genic	Gm_142	Landrace	0.25728	0.24188	0.24470	0.25614	546885
1	Genic	Gm_143	Landrace	0.26255	0.23752	0.23883	0.26110	696721
1	Genic	Gm_144	Improved	0.26167	0.23841	0.23959	0.26033	698369
1	Genic	Gm_145	Wild	0.25094	0.24911	0.24903	0.25092	690229
1	Genic	Gm_146	Landrace	0.26057	0.23944	0.24057	0.25942	664893
1	Genic	Gm_147	Improved	0.26115	0.23918	0.24000	0.25968	700700
1	Genic	Gm_148	Improved	0.26193	0.23791	0.23873	0.26142	699346
1	Genic	Gm_149	Improved	0.26128	0.23901	0.24010	0.25962	582100
1	Genic	Gm_150	Landrace	0.26027	0.23999	0.24064	0.25911	638643
1	Genic	Gm_151	Landrace	0.26110	0.23879	0.23999	0.26012	602590
1	Genic	Gm_152	Wild	0.25416	0.24703	0.24632	0.25250	689315
1	Genic	Gm_153	Landrace	0.26227	0.23786	0.23929	0.26058	695514
1	Genic	Gm_154	Landrace	0.26251	0.23763	0.23900	0.26086	696871
1	Genic	Gm_155	Landrace	0.26246	0.23729	0.23882	0.26142	696206
1	Genic	Gm_156	Landrace	0.26152	0.23867	0.23962	0.26019	630228
1	Genic	Gm_157	Landrace	0.26022	0.24037	0.24115	0.25826	646519
1	Genic	Gm_158	Landrace	0.26133	0.23822	0.23961	0.26084	697636
1	Genic	Gm_159	Improved	0.26270	0.23736	0.23878	0.26117	692064
1	Genic	Gm_160	Landrace	0.26083	0.23827	0.24003	0.26087	672250
1	Genic	Gm_161	Wild	0.25327	0.24683	0.24726	0.25264	689189
1	Genic	Gm_162	Improved	0.26063	0.23889	0.24070	0.25978	657986
1	Genic	Gm_163	Landrace	0.26221	0.23744	0.23872	0.26163	678942
1	Genic	Gm_164	Wild	0.24650	0.25420	0.25403	0.24527	436755
1	Genic	Gm_165	Landrace	0.26095	0.23864	0.24008	0.26034	687451
1	Genic	Gm_166	Wild	0.24979	0.24997	0.25163	0.24861	565465
1	Genic	Gm_167	Improved	0.26166	0.23814	0.23908	0.26111	667017
1	Genic	Gm_168	Landrace	0.26117	0.23909	0.23986	0.25987	651804
1	Genic	Gm_169	Landrace	0.26277	0.23762	0.23908	0.26053	692314
1	Genic	Gm_170	Improved	0.26240	0.23748	0.23909	0.26103	692267
1	Genic	Gm_171	Wild	0.25149	0.24876	0.24947	0.25028	529942
1	Genic	Gm_172	Landrace	0.25813	0.24193	0.24325	0.25669	572239
1	Genic	Gm_173	Landrace	0.25701	0.24301	0.24457	0.25541	531974
1	Genic	Gm_174	Wild	0.25138	0.24898	0.24990	0.24973	679318
1	Genic	Gm_175	Landrace	0.25829	0.24092	0.24321	0.25757	621027
1	Genic	Gm_176	Landrace	0.26091	0.23921	0.24006	0.25983	672063
1	Genic	Gm_177	Improved	0.26142	0.23901	0.23971	0.25986	684177
1	Genic	Gm_178	Landrace	0.26174	0.23787	0.23918	0.26122	699836
1	Genic	Gm_179	Landrace	0.25895	0.24081	0.24201	0.25823	633732
1	Genic	Gm_180	Landrace	0.26223	0.23795	0.23874	0.26108	699053
1	Genic	Gm_181	Improved	0.26247	0.23746	0.23856	0.26151	677462
1	Genic	Gm_182	Improved	0.26180	0.23822	0.23938	0.26060	667727
1	Genic	Gm_183	Landrace	0.26134	0.23785	0.23961	0.26120	697578
1	Genic	Gm_184	Improved	0.26204	0.23767	0.23943	0.26086	691916
1	Genic	Gm_185	Landrace	0.26215	0.23831	0.23897	0.26057	699775
1	Genic	Gm_186	Improved	0.26202	0.23754	0.23867	0.26177	698148
1	Genic	Gm_187	Landrace	0.26098	0.23869	0.23995	0.26038	638979
1	Genic	Gm_188	Landrace	0.26244	0.23812	0.23849	0.26095	699635
1	Genic	Gm_189	Improved	0.26034	0.24015	0.24129	0.25822	559860
1	Genic	Gm_190	Improved	0.26206	0.23795	0.23864	0.26136	700839
1	Genic	Gm_191	Landrace	0.26187	0.23802	0.23938	0.26073	694260
1	Genic	Gm_192	Landrace	0.26247	0.23783	0.23861	0.26108	698440
1	Genic	Gm_193	Wild	0.24674	0.25345	0.25354	0.24627	503862
1	Genic	Gm_194	Landrace	0.26214	0.23733	0.23930	0.26123	696722
1	Genic	Gm_195	Wild	0.25163	0.24841	0.24899	0.25097	615922
1	Genic	Gm_196	Improved	0.25983	0.23989	0.24117	0.25912	545564
1	Genic	Gm_197	Landrace	0.26131	0.23870	0.23988	0.26010	668879
1	Genic	Gm_198	Wild	0.25366	0.24709	0.24697	0.25228	682195
1	Genic	Gm_199	Improved	0.26121	0.23825	0.23961	0.26093	684842
1	Genic	Gm_200	Improved	0.26151	0.23817	0.23926	0.26106	698938
1	Genic	Gm_201	Wild	0.25361	0.24680	0.24690	0.25269	688922
1	Genic	Gm_202	Improved	0.26213	0.23754	0.23924	0.26109	677724
1	Genic	Gm_203	Landrace	0.25836	0.24166	0.24204	0.25795	611721
1	Genic	Gm_204	Improved	0.26213	0.23752	0.23891	0.26144	696088
1	Genic	Gm_205	Wild	0.25397	0.24689	0.24722	0.25192	683977
1	Genic	Gm_206	Improved	0.26123	0.23864	0.23933	0.26080	637285
1	Genic	Gm_207	Landrace	0.25984	0.23897	0.24135	0.25984	618481
1	Genic	Gm_208	Landrace	0.26137	0.23806	0.23954	0.26102	695040
1	Genic	Gm_209	Improved	0.26203	0.23788	0.23871	0.26138	696809
1	Genic	Gm_210	Improved	0.26237	0.23819	0.23909	0.26035	671719
1	Genic	Gm_211	Improved	0.26208	0.23760	0.23924	0.26108	692612
1	Genic	Gm_212	Improved	0.26186	0.23795	0.23914	0.26105	689905
1	Genic	Gm_213	Landrace	0.26177	0.23792	0.23939	0.26092	688374
1	Genic	Gm_214	Landrace	0.26195	0.23759	0.23928	0.26118	694419
1	Genic	Gm_215	Improved	0.26244	0.23766	0.23882	0.26108	694464
1	Genic	Gm_216	Wild	0.25306	0.24788	0.24742	0.25163	679307
1	Genic	Gm_217	Landrace	0.26209	0.23745	0.23915	0.26131	684004
1	Genic	Gm_218	Landrace	0.26151	0.23780	0.23921	0.26148	697257
1	Genic	Gm_219	Landrace	0.26156	0.23854	0.23972	0.26019	667973
1	Genic	Gm_220	Landrace	0.26116	0.23818	0.23929	0.26137	697258
1	Genic	Gm_221	Landrace	0.26228	0.23764	0.23845	0.26163	701462
1	Genic	Gm_222	Improved	0.26104	0.23828	0.24002	0.26066	637136
1	Genic	Gm_223	Landrace	0.26180	0.23774	0.23925	0.26121	695113
1	Genic	Gm_224	Improved	0.26257	0.23799	0.23901	0.26043	696396
1	Genic	Gm_225	Landrace	0.26198	0.23762	0.23941	0.26099	690938
1	Genic	Gm_226	Wild	0.24638	0.25296	0.25499	0.24567	496626
1	Genic	Gm_227	Landrace	0.26095	0.23928	0.24012	0.25966	648259
1	Genic	Gm_228	Landrace	0.26216	0.23741	0.23902	0.26141	697517
1	Genic	Gm_229	Wild	0.25335	0.24776	0.24726	0.25163	691564
1	Genic	Gm_230	Improved	0.26070	0.23961	0.24044	0.25925	627833
1	Genic	Gm_231	Landrace	0.25996	0.23988	0.24120	0.25896	626443
1	Genic	Gm_232	Landrace	0.26206	0.23834	0.23938	0.26022	696985
1	Genic	Gm_233	Wild	0.25263	0.24814	0.24776	0.25147	635893
1	Genic	Gm_234	Landrace	0.26196	0.23741	0.23937	0.26126	692623
1	Genic	Gm_235	Improved	0.26192	0.23843	0.23975	0.25990	699525
1	Genic	Gm_236	Wild	0.25483	0.24490	0.24581	0.25446	689930
1	Genic	Gm_237	Improved	0.25875	0.24095	0.24276	0.25755	542228
1	Genic	Gm_238	Improved	0.26203	0.23810	0.23905	0.26082	685196
1	Genic	Gm_239	Improved	0.26188	0.23828	0.23930	0.26054	699322
1	Genic	Gm_240	Improved	0.26180	0.23763	0.23973	0.26083	668397
1	Genic	Gm_241	Landrace	0.25967	0.24026	0.24165	0.25842	561341
1	Genic	Gm_242	Wild	0.25074	0.24950	0.24940	0.25037	689169
1	Genic	Gm_243	Landrace	0.26175	0.23794	0.23949	0.26082	698593
1	Genic	Gm_244	Wild	0.25032	0.24999	0.24956	0.25013	598903
1	Genic	Gm_245	Landrace	0.26311	0.23685	0.23835	0.26169	692004
1	Genic	Gm_246	Landrace	0.26118	0.23793	0.23965	0.26124	697173
1	Genic	Gm_247	Improved	0.26196	0.23751	0.23895	0.26157	687845
1	Genic	Gm_248	Wild	0.25295	0.24771	0.24723	0.25210	688519
1	Genic	Gm_249	Improved	0.26149	0.23837	0.23987	0.26026	623198
1	Genic	Gm_250	Landrace	0.25911	0.24015	0.24193	0.25880	592620
1	Genic	Gm_251	Landrace	0.26149	0.23884	0.23998	0.25970	643454
1	Genic	Gm_252	Wild	0.25332	0.24693	0.24715	0.25260	689424
1	Genic	Gm_253	Landrace	0.25932	0.24057	0.24142	0.25870	548465
1	Genic	Gm_254	Improved	0.26254	0.23744	0.23874	0.26128	689375
1	Genic	Gm_255	Landrace	0.26279	0.23740	0.23858	0.26123	696989
1	Genic	Gm_256	Landrace	0.26152	0.23826	0.23987	0.26036	694116
1	Genic	Gm_257	Wild	0.25589	0.24370	0.24487	0.25555	679362
1	Genic	Gm_258	Landrace	0.26267	0.23749	0.23930	0.26054	684543
1	Genic	Gm_259	Wild	0.25335	0.24760	0.24724	0.25181	687925
1	Genic	Gm_260	Landrace	0.26002	0.23992	0.24173	0.25833	613579
1	Genic	Gm_261	Landrace	0.25913	0.24055	0.24264	0.25768	505683
1	Genic	Gm_262	Improved	0.26159	0.23887	0.23939	0.26014	697358
1	Genic	Gm_263	Wild	0.25339	0.24685	0.24700	0.25277	678678
1	Genic	Gm_264	Improved	0.26213	0.23748	0.23933	0.26106	698879
1	Genic	Gm_265	Landrace	0.26139	0.23787	0.23966	0.26107	690952
1	Genic	Gm_266	Wild	0.25449	0.24544	0.24648	0.25359	672408
1	Genic	Gm_267	Improved	0.26120	0.23865	0.24001	0.26014	644389
1	Genic	Gm_268	Improved	0.25955	0.24027	0.24152	0.25866	600255
1	Genic	Gm_269	Improved	0.26122	0.23911	0.23995	0.25973	697149
1	Genic	Gm_270	Improved	0.26106	0.23929	0.24014	0.25951	612745
1	Genic	Gm_271	Improved	0.26151	0.23874	0.23948	0.26027	695009
1	Genic	Gm_272	Wild	0.25401	0.24687	0.24653	0.25258	687864
1	Genic	Gm_273	Improved	0.26147	0.23861	0.23953	0.26039	671452
1	Genic	Gm_274	Improved	0.26284	0.23759	0.23839	0.26118	696112
1	Genic	Gm_275	Improved	0.26140	0.23797	0.23969	0.26094	688186
1	Genic	Gm_276	Landrace	0.26200	0.23848	0.23903	0.26050	697665
1	Genic	Gm_277	Improved	0.26165	0.23788	0.23940	0.26107	694111
1	Genic	Gm_278	Improved	0.26219	0.23774	0.23897	0.26109	698393
1	Genic	Gm_279	Wild	0.25305	0.24653	0.24767	0.25275	680663
1	Genic	Gm_280	Improved	0.26093	0.23907	0.23984	0.26016	645534
1	Genic	Gm_281	Improved	0.26235	0.23791	0.23904	0.26070	687288
1	Genic	Gm_282	Improved	0.26199	0.23795	0.23884	0.26123	693153
1	Genic	Gm_283	Wild	0.25355	0.24716	0.24721	0.25208	688973
1	Genic	Gm_284	Landrace	0.26257	0.23699	0.23899	0.26145	698877
1	Genic	Gm_285	Wild	0.25508	0.24554	0.24595	0.25343	684049
1	Genic	Gm_286	Improved	0.26031	0.23964	0.24068	0.25937	618236
1	Genic	Gm_287	Landrace	0.26215	0.23773	0.23912	0.26101	698398
1	Genic	Gm_288	Wild	0.25290	0.24780	0.24784	0.25146	682080
1	Genic	Gm_289	Landrace	0.26112	0.23932	0.24027	0.25929	655673
1	Genic	Gm_290	Improved	0.26086	0.23937	0.24011	0.25967	595301
1	Genic	Gm_291	Landrace	0.26130	0.23880	0.24030	0.25960	578552
1	Genic	Gm_292	Improved	0.26258	0.23795	0.23924	0.26023	655955
1	Genic	Gm_293	Landrace	0.26242	0.23784	0.23866	0.26108	692019
1	Genic	Gm_294	Landrace	0.26216	0.23824	0.23891	0.26069	697987
1	Genic	Gm_295	Improved	0.26140	0.23875	0.23985	0.26000	636624
1	Genic	Gm_296	Improved	0.26280	0.23785	0.23878	0.26057	686796
1	Genic	Gm_297	Improved	0.26258	0.23736	0.23912	0.26094	696539
1	Genic	Gm_298	Wild	0.25115	0.24937	0.24901	0.25046	684546
1	Genic	Gm_299	Landrace	0.26120	0.23782	0.24000	0.26098	695807
1	Genic	Gm_300	Improved	0.26246	0.23777	0.23842	0.26134	699564
1	Genic	Gm_301	Landrace	0.26188	0.23856	0.23939	0.26016	638820
1	Genic	Gm_302	Landrace	0.25923	0.24101	0.24111	0.25865	550377
1	Nongenic	Gm_1	Wild	0.22024	0.28014	0.27945	0.22017	666524
1	Nongenic	Gm_2	Landrace	0.23709	0.26282	0.26260	0.23749	664318
1	Nongenic	Gm_3	Improved	0.24557	0.25513	0.25429	0.24502	697174
1	Nongenic	Gm_4	Landrace	0.24021	0.26022	0.25980	0.23978	622310
1	Nongenic	Gm_5	Landrace	0.24083	0.25973	0.25843	0.24101	584231
1	Nongenic	Gm_6	Improved	0.24537	0.25511	0.25483	0.24469	681009
1	Nongenic	Gm_7	Landrace	0.24133	0.25900	0.25855	0.24111	577159
1	Nongenic	Gm_8	Landrace	0.24210	0.25780	0.25826	0.24184	621178
1	Nongenic	Gm_9	Landrace	0.24238	0.25681	0.25716	0.24365	646535
1	Nongenic	Gm_10	Landrace	0.24606	0.25440	0.25365	0.24590	694169
1	Nongenic	Gm_11	Wild	0.22941	0.27179	0.27062	0.22819	678365
1	Nongenic	Gm_12	Improved	0.24334	0.25668	0.25646	0.24352	620461
1	Nongenic	Gm_13	Improved	0.24618	0.25357	0.25380	0.24645	678360
1	Nongenic	Gm_14	Wild	0.22614	0.27522	0.27317	0.22548	672680
1	Nongenic	Gm_15	Improved	0.24516	0.25548	0.25480	0.24456	696974
1	Nongenic	Gm_16	Landrace	0.24547	0.25475	0.25425	0.24553	692176
1	Nongenic	Gm_17	Wild	0.21820	0.28350	0.28102	0.21728	607601
1	Nongenic	Gm_18	Improved	0.24560	0.25450	0.25409	0.24581	680279
1	Nongenic	Gm_19	Wild	0.22392	0.27679	0.27593	0.22336	614441
1	Nongenic	Gm_20	Improved	0.24519	0.25526	0.25456	0.24499	696387
1	Nongenic	Gm_21	Landrace	0.24420	0.25645	0.25594	0.24341	681068
1	Nongenic	Gm_22	Landrace	0.24571	0.25486	0.25382	0.24561	694068
1	Nongenic	Gm_23	Landrace	0.24355	0.25704	0.25681	0.24260	685056
1	Nongenic	Gm_24	Improved	0.24579	0.25481	0.25462	0.24478	693986
1	Nongenic	Gm_25	Wild	0.21557	0.28449	0.28398	0.21596	666917
1	Nongenic	Gm_26	Improved	0.24397	0.25682	0.25573	0.24347	642077
1	Nongenic	Gm_27	Landrace	0.24369	0.25713	0.25609	0.24309	628516
1	Nongenic	Gm_28	Landrace	0.24392	0.25618	0.25564	0.24426	684362
1	Nongenic	Gm_29	Improved	0.24284	0.25779	0.25714	0.24223	595340
1	Nongenic	Gm_30	Improved	0.24373	0.25608	0.25610	0.24408	617459
1	Nongenic	Gm_31	Landrace	0.24436	0.25616	0.25572	0.24376	663416
1	Nongenic	Gm_32	Landrace	0.24218	0.25781	0.25763	0.24238	589530
1	Nongenic	Gm_33	Wild	0.20625	0.29525	0.29382	0.20467	440872
1	Nongenic	Gm_34	Improved	0.24494	0.25574	0.25498	0.24434	683101
1	Nongenic	Gm_35	Wild	0.21953	0.28088	0.27975	0.21984	673552
1	Nongenic	Gm_36	Landrace	0.24148	0.25889	0.25850	0.24112	569552
1	Nongenic	Gm_37	Improved	0.24551	0.25473	0.25453	0.24523	695291
1	Nongenic	Gm_38	Improved	0.24517	0.25561	0.25481	0.24441	693620
1	Nongenic	Gm_39	Improved	0.24346	0.25655	0.25611	0.24387	647067
1	Nongenic	Gm_40	Landrace	0.24435	0.25642	0.25542	0.24381	694321
1	Nongenic	Gm_41	Landrace	0.24452	0.25575	0.25485	0.24489	698045
1	Nongenic	Gm_42	Landrace	0.24436	0.25593	0.25518	0.24452	583418
1	Nongenic	Gm_43	Improved	0.23846	0.26140	0.26101	0.23913	507305
1	Nongenic	Gm_44	Landrace	0.24237	0.25695	0.25724	0.24344	647174
1	Nongenic	Gm_45	Improved	0.24455	0.25538	0.25579	0.24427	643244
1	Nongenic	Gm_46	Wild	0.22237	0.27872	0.27728	0.22164	559512
1	Nongenic	Gm_47	Improved	0.24164	0.25950	0.25845	0.24041	550460
1	Nongenic	Gm_48	Landrace	0.24374	0.25669	0.25585	0.24372	662855
1	Nongenic	Gm_49	Landrace	0.24495	0.25485	0.25458	0.24562	696902
1	Nongenic	Gm_50	Landrace	0.24081	0.25935	0.25868	0.24116	569702
1	Nongenic	Gm_51	Wild	0.22510	0.27597	0.27476	0.22417	678285
1	Nongenic	Gm_52	Landrace	0.24251	0.25823	0.25717	0.24209	630305
1	Nongenic	Gm_53	Wild	0.21643	0.28520	0.28269	0.21567	554235
1	Nongenic	Gm_54	Landrace	0.23726	0.26299	0.26317	0.23658	645652
1	Nongenic	Gm_55	Landrace	0.24583	0.25415	0.25359	0.24643	696793
1	Nongenic	Gm_56	Improved	0.24556	0.25502	0.25467	0.24475	673826
1	Nongenic	Gm_57	Wild	0.21991	0.28159	0.27969	0.21881	645098
1	Nongenic	Gm_58	Improved	0.23879	0.26133	0.26045	0.23943	509178
1	Nongenic	Gm_59	Landrace	0.24420	0.25562	0.25534	0.24484	689119
1	Nongenic	Gm_60	Wild	0.22184	0.27903	0.27805	0.22107	663123
1	Nongenic	Gm_61	Improved	0.24527	0.25513	0.25410	0.24550	690087
1	Nongenic	Gm_62	Landrace	0.24104	0.25969	0.25807	0.24120	585622
1	Nongenic	Gm_63	Improved	0.23861	0.26229	0.26156	0.23754	572130
1	Nongenic	Gm_64	Improved	0.24502	0.25560	0.25489	0.24449	691511
1	Nongenic	Gm_65	Wild	0.21965	0.28049	0.28014	0.21972	661856
1	Nongenic	Gm_66	Landrace	0.24430	0.25533	0.25560	0.24477	682664
1	Nongenic	Gm_67	Landrace	0.24539	0.25431	0.25398	0.24633	687516
1	Nongenic	Gm_68	Landrace	0.24533	0.25416	0.25425	0.24626	673070
1	Nongenic	Gm_69	Improved	0.24475	0.25489	0.25491	0.24545	680969
1	Nongenic	Gm_70	Wild	0.21094	0.29021	0.28887	0.20999	519347
1	Nongenic	Gm_71	Improved	0.24337	0.25690	0.25612	0.24361	611989
1	Nongenic	Gm_72	Landrace	0.24355	0.25715	0.25587	0.24342	690372
1	Nongenic	Gm_73	Landrace	0.24431	0.25571	0.25559	0.24439	688506
1	Nongenic	Gm_74	Improved	0.24432	0.25604	0.25578	0.24386	625394
1	Nongenic	Gm_75	Wild	0.20418	0.29656	0.29615	0.20311	484780
1	Nongenic	Gm_76	Improved	0.24619	0.25405	0.25353	0.24622	691958
1	Nongenic	Gm_77	Landrace	0.24439	0.25588	0.25539	0.24434	680818
1	Nongenic	Gm_78	Landrace	0.24321	0.25714	0.25647	0.24318	674527
1	Nongenic	Gm_79	Wild	0.21556	0.28535	0.28443	0.21466	586086
1	Nongenic	Gm_80	Improved	0.24600	0.25382	0.25402	0.24616	699286
1	Nongenic	Gm_81	Improved	0.24353	0.25619	0.25592	0.24436	658856
1	Nongenic	Gm_82	Landrace	0.24573	0.25484	0.25464	0.24479	686070
1	Nongenic	Gm_83	Landrace	0.24284	0.25649	0.25673	0.24395	663886
1	Nongenic	Gm_84	Improved	0.24523	0.25512	0.25482	0.24483	684245
1	Nongenic	Gm_85	Wild	0.21745	0.28363	0.28244	0.21647	585922
1	Nongenic	Gm_86	Improved	0.24601	0.25364	0.25410	0.24625	688020
1	Nongenic	Gm_87	Landrace	0.22034	0.27981	0.27931	0.22053	442557
1	Nongenic	Gm_88	Landrace	0.24043	0.26059	0.25936	0.23962	601785
1	Nongenic	Gm_89	Landrace	0.23985	0.26053	0.25981	0.23981	570863
1	Nongenic	Gm_90	Wild	0.22201	0.27881	0.27814	0.22104	680319
1	Nongenic	Gm_91	Landrace	0.24539	0.25425	0.25418	0.24617	687782
1	Nongenic	Gm_92	Improved	0.24061	0.25980	0.25885	0.24075	527056
1	Nongenic	Gm_93	Improved	0.24580	0.25483	0.25424	0.24513	668613
1	Nongenic	Gm_94	Improved	0.24513	0.25516	0.25512	0.24460	655021
1	Nongenic	Gm_95	Landrace	0.24373	0.25612	0.25574	0.24442	659984
1	Nongenic	Gm_96	Wild	0.22200	0.27894	0.27743	0.22163	680301
1	Nongenic	Gm_97	Landrace	0.24456	0.25479	0.25499	0.24566	658629
1	Nongenic	Gm_98	Landrace	0.24425	0.25551	0.25553	0.24471	695157
1	Nongenic	Gm_99	Landrace	0.24478	0.25530	0.25529	0.24464	689049
1	Nongenic	Gm_100	Improved	0.24551	0.25419	0.25447	0.24583	695444
1	Nongenic	Gm_101	Landrace	0.24093	0.25919	0.25854	0.24135	570496
1	Nongenic	Gm_102	Wild	0.22368	0.27772	0.27650	0.22210	676827
1	Nongenic	Gm_103	Improved	0.24572	0.25453	0.25410	0.24565	655158
1	Nongenic	Gm_104	Wild	0.22044	0.28070	0.27935	0.21951	676724
1	Nongenic	Gm_105	Improved	0.24379	0.25604	0.25591	0.24426	626063
1	Nongenic	Gm_106	Improved	0.24543	0.25422	0.25460	0.24575	671422
1	Nongenic	Gm_107	Wild	0.22734	0.27375	0.27233	0.22659	681876
1	Nongenic	Gm_108	Improved	0.24316	0.25697	0.25719	0.24268	615880
1	Nongenic	Gm_109	Landrace	0.24407	0.25625	0.25562	0.24406	678890
1	Nongenic	Gm_110	Landrace	0.24467	0.25630	0.25568	0.24335	672894
1	Nongenic	Gm_111	Wild	0.21528	0.28619	0.28415	0.21438	490559
1	Nongenic	Gm_112	Landrace	0.23979	0.26015	0.26025	0.23981	611470
1	Nongenic	Gm_113	Improved	0.24381	0.25689	0.25673	0.24257	610470
1	Nongenic	Gm_114	Wild	0.22156	0.27903	0.27786	0.22155	653818
1	Nongenic	Gm_115	Landrace	0.23895	0.26177	0.26029	0.23899	579124
1	Nongenic	Gm_116	Landrace	0.24546	0.25567	0.25404	0.24483	690509
1	Nongenic	Gm_117	Improved	0.24574	0.25423	0.25433	0.24570	692057
1	Nongenic	Gm_118	Improved	0.24604	0.25385	0.25397	0.24614	685914
1	Nongenic	Gm_119	Improved	0.24495	0.25476	0.25471	0.24558	696982
1	Nongenic	Gm_120	Improved	0.24529	0.25543	0.25469	0.24459	693378
1	Nongenic	Gm_121	Improved	0.24534	0.25486	0.25480	0.24499	692615
1	Nongenic	Gm_122	Landrace	0.24545	0.25481	0.25426	0.24547	693603
1	Nongenic	Gm_123	Improved	0.24436	0.25578	0.25596	0.24390	663470
1	Nongenic	Gm_124	Wild	0.22072	0.27928	0.27864	0.22137	673814
1	Nongenic	Gm_125	Landrace	0.24420	0.25539	0.25588	0.24453	682273
1	Nongenic	Gm_126	Landrace	0.24551	0.25487	0.25424	0.24539	689438
1	Nongenic	Gm_127	Landrace	0.24592	0.25380	0.25400	0.24628	697230
1	Nongenic	Gm_128	Landrace	0.24381	0.25557	0.25592	0.24471	688743
1	Nongenic	Gm_129	Wild	0.22278	0.27827	0.27679	0.22216	677882
1	Nongenic	Gm_130	Landrace	0.24402	0.25617	0.25541	0.24439	690469
1	Nongenic	Gm_131	Wild	0.21658	0.28426	0.28320	0.21596	589222
1	Nongenic	Gm_132	Improved	0.24526	0.25529	0.25482	0.24462	687891
1	Nongenic	Gm_133	Improved	0.24659	0.25348	0.25364	0.24630	668347
1	Nongenic	Gm_134	Wild	0.22708	0.27398	0.27249	0.22646	679307
1	Nongenic	Gm_135	Improved	0.24536	0.25447	0.25397	0.24620	688698
1	Nongenic	Gm_136	Improved	0.24510	0.25494	0.25457	0.24539	690999
1	Nongenic	Gm_137	Landrace	0.24467	0.25548	0.25524	0.24461	695389
1	Nongenic	Gm_138	Wild	0.22289	0.27829	0.27646	0.22236	675864
1	Nongenic	Gm_139	Improved	0.24264	0.25773	0.25706	0.24257	578466
1	Nongenic	Gm_140	Landrace	0.24407	0.25542	0.25529	0.24521	687892
1	Nongenic	Gm_141	Wild	0.21539	0.28621	0.28393	0.21447	480210
1	Nongenic	Gm_142	Landrace	0.23621	0.26458	0.26366	0.23554	520417
1	Nongenic	Gm_143	Landrace	0.24596	0.25374	0.25394	0.24637	690623
1	Nongenic	Gm_144	Improved	0.24483	0.25598	0.25541	0.24378	696051
1	Nongenic	Gm_145	Wild	0.21373	0.28636	0.28616	0.21375	675646
1	Nongenic	Gm_146	Landrace	0.23972	0.26054	0.26078	0.23896	626394
1	Nongenic	Gm_147	Improved	0.24447	0.25619	0.25568	0.24367	699363
1	Nongenic	Gm_148	Improved	0.24602	0.25373	0.25393	0.24632	696182
1	Nongenic	Gm_149	Improved	0.24301	0.25712	0.25679	0.24308	592182
1	Nongenic	Gm_150	Landrace	0.24025	0.25909	0.25901	0.24165	585410
1	Nongenic	Gm_151	Landrace	0.24150	0.25790	0.25770	0.24290	544736
1	Nongenic	Gm_152	Wild	0.21901	0.28126	0.28075	0.21898	669877
1	Nongenic	Gm_153	Landrace	0.24319	0.25739	0.25683	0.24259	691224
1	Nongenic	Gm_154	Landrace	0.24513	0.25469	0.25450	0.24567	693740
1	Nongenic	Gm_155	Landrace	0.24589	0.25397	0.25347	0.24667	692018
1	Nongenic	Gm_156	Landrace	0.24300	0.25680	0.25676	0.24344	624478
1	Nongenic	Gm_157	Landrace	0.23845	0.26174	0.26104	0.23878	642812
1	Nongenic	Gm_158	Landrace	0.24405	0.25707	0.25550	0.24338	693965
1	Nongenic	Gm_159	Improved	0.24563	0.25486	0.25419	0.24532	683328
1	Nongenic	Gm_160	Landrace	0.24366	0.25754	0.25603	0.24277	671307
1	Nongenic	Gm_161	Wild	0.22172	0.27940	0.27791	0.22097	676876
1	Nongenic	Gm_162	Improved	0.24212	0.25899	0.25747	0.24142	615456
1	Nongenic	Gm_163	Landrace	0.24481	0.25510	0.25502	0.24507	675213
1	Nongenic	Gm_164	Wild	0.20534	0.29564	0.29492	0.20410	437627
1	Nongenic	Gm_165	Landrace	0.24288	0.25792	0.25657	0.24263	683500
1	Nongenic	Gm_166	Wild	0.21513	0.28599	0.28434	0.21454	572620
1	Nongenic	Gm_167	Improved	0.24524	0.25536	0.25464	0.24476	658073
1	Nongenic	Gm_168	Landrace	0.24214	0.25763	0.25797	0.24227	614391
1	Nongenic	Gm_169	Landrace	0.24461	0.25553	0.25516	0.24470	687714
1	Nongenic	Gm_170	Improved	0.24587	0.25428	0.25391	0.24595	690069
1	Nongenic	Gm_171	Wild	0.22047	0.28108	0.27970	0.21874	525393
1	Nongenic	Gm_172	Landrace	0.23888	0.26132	0.26097	0.23884	501787
1	Nongenic	Gm_173	Landrace	0.23364	0.26702	0.26610	0.23325	459005
1	Nongenic	Gm_174	Wild	0.21342	0.28733	0.28643	0.21282	664008
1	Nongenic	Gm_175	Landrace	0.23650	0.26329	0.26366	0.23655	560309
1	Nongenic	Gm_176	Landrace	0.24225	0.25887	0.25713	0.24175	648286
1	Nongenic	Gm_177	Improved	0.24497	0.25583	0.25486	0.24435	682145
1	Nongenic	Gm_178	Landrace	0.24504	0.25596	0.25425	0.24476	697349
1	Nongenic	Gm_179	Landrace	0.23925	0.26124	0.26109	0.23842	580969
1	Nongenic	Gm_180	Landrace	0.24409	0.25566	0.25568	0.24457	693589
1	Nongenic	Gm_181	Improved	0.24550	0.25506	0.25438	0.24505	649819
1	Nongenic	Gm_182	Improved	0.24529	0.25519	0.25488	0.24463	668084
1	Nongenic	Gm_183	Landrace	0.24411	0.25680	0.25529	0.24380	692640
1	Nongenic	Gm_184	Improved	0.24630	0.25424	0.25348	0.24598	691922
1	Nongenic	Gm_185	Landrace	0.24558	0.25424	0.25433	0.24584	696795
1	Nongenic	Gm_186	Improved	0.24548	0.25494	0.25446	0.24512	696009
1	Nongenic	Gm_187	Landrace	0.24380	0.25703	0.25573	0.24345	611789
1	Nongenic	Gm_188	Landrace	0.24577	0.25408	0.25405	0.24609	695953
1	Nongenic	Gm_189	Improved	0.24172	0.25867	0.25852	0.24110	575437
1	Nongenic	Gm_190	Improved	0.24631	0.25350	0.25382	0.24638	698704
1	Nongenic	Gm_191	Landrace	0.24380	0.25646	0.25562	0.24411	690750
1	Nongenic	Gm_192	Landrace	0.24596	0.25437	0.25392	0.24575	696208
1	Nongenic	Gm_193	Wild	0.20923	0.29218	0.28989	0.20870	514890
1	Nongenic	Gm_194	Landrace	0.24497	0.25521	0.25514	0.24468	690520
1	Nongenic	Gm_195	Wild	0.21723	0.28421	0.28248	0.21608	613103
1	Nongenic	Gm_196	Improved	0.24248	0.25745	0.25719	0.24289	561965
1	Nongenic	Gm_197	Landrace	0.24403	0.25610	0.25602	0.24385	669429
1	Nongenic	Gm_198	Wild	0.21963	0.28039	0.28028	0.21969	665109
1	Nongenic	Gm_199	Improved	0.24488	0.25533	0.25509	0.24470	682426
1	Nongenic	Gm_200	Improved	0.24545	0.25511	0.25453	0.24491	695234
1	Nongenic	Gm_201	Wild	0.22290	0.27817	0.27656	0.22236	678081
1	Nongenic	Gm_202	Improved	0.24531	0.25476	0.25434	0.24558	670621
1	Nongenic	Gm_203	Landrace	0.23983	0.26113	0.25981	0.23923	550853
1	Nongenic	Gm_204	Improved	0.24536	0.25468	0.25436	0.24560	691092
1	Nongenic	Gm_205	Wild	0.22225	0.27917	0.27710	0.22149	675010
1	Nongenic	Gm_206	Improved	0.24257	0.25766	0.25714	0.24263	587284
1	Nongenic	Gm_207	Landrace	0.24134	0.25937	0.25877	0.24053	561353
1	Nongenic	Gm_208	Landrace	0.24439	0.25582	0.25504	0.24475	690881
1	Nongenic	Gm_209	Improved	0.24637	0.25348	0.25375	0.24640	693859
1	Nongenic	Gm_210	Improved	0.24535	0.25527	0.25444	0.24494	665359
1	Nongenic	Gm_211	Improved	0.24621	0.25425	0.25410	0.24544	687328
1	Nongenic	Gm_212	Improved	0.24459	0.25593	0.25526	0.24422	688778
1	Nongenic	Gm_213	Landrace	0.24422	0.25644	0.25581	0.24353	676213
1	Nongenic	Gm_214	Landrace	0.24512	0.25546	0.25478	0.24464	686865
1	Nongenic	Gm_215	Improved	0.24614	0.25430	0.25399	0.24557	688842
1	Nongenic	Gm_216	Wild	0.21800	0.28245	0.28180	0.21775	661034
1	Nongenic	Gm_217	Landrace	0.24575	0.25412	0.25427	0.24585	674725
1	Nongenic	Gm_218	Landrace	0.24393	0.25575	0.25569	0.24463	692384
1	Nongenic	Gm_219	Landrace	0.24282	0.25731	0.25692	0.24295	631350
1	Nongenic	Gm_220	Landrace	0.24478	0.25584	0.25528	0.24410	693762
1	Nongenic	Gm_221	Landrace	0.24604	0.25389	0.25377	0.24630	699055
1	Nongenic	Gm_222	Improved	0.24177	0.25902	0.25813	0.24108	583227
1	Nongenic	Gm_223	Landrace	0.24478	0.25592	0.25546	0.24384	691296
1	Nongenic	Gm_224	Improved	0.24534	0.25472	0.25450	0.24545	691999
1	Nongenic	Gm_225	Landrace	0.24433	0.25612	0.25578	0.24377	686948
1	Nongenic	Gm_226	Wild	0.20846	0.29356	0.29028	0.20769	511369
1	Nongenic	Gm_227	Landrace	0.24102	0.25896	0.25846	0.24156	604112
1	Nongenic	Gm_228	Landrace	0.24560	0.25426	0.25429	0.24585	693283
1	Nongenic	Gm_229	Wild	0.22128	0.27990	0.27850	0.22031	681289
1	Nongenic	Gm_230	Improved	0.24176	0.25843	0.25815	0.24165	584968
1	Nongenic	Gm_231	Landrace	0.24028	0.25923	0.25957	0.24092	568813
1	Nongenic	Gm_232	Landrace	0.24477	0.25556	0.25488	0.24479	694725
1	Nongenic	Gm_233	Wild	0.22075	0.27994	0.27868	0.22063	629673
1	Nongenic	Gm_234	Landrace	0.24502	0.25526	0.25466	0.24506	689081
1	Nongenic	Gm_235	Improved	0.24516	0.25538	0.25502	0.24444	698457
1	Nongenic	Gm_236	Wild	0.22560	0.27564	0.27399	0.22476	681250
1	Nongenic	Gm_237	Improved	0.24043	0.25971	0.25928	0.24058	562156
1	Nongenic	Gm_238	Improved	0.24560	0.25491	0.25477	0.24472	677043
1	Nongenic	Gm_239	Improved	0.24549	0.25477	0.25440	0.24534	696490
1	Nongenic	Gm_240	Improved	0.24454	0.25556	0.25551	0.24438	631706
1	Nongenic	Gm_241	Landrace	0.24161	0.25774	0.25818	0.24248	568700
1	Nongenic	Gm_242	Wild	0.21333	0.28707	0.28674	0.21286	671944
1	Nongenic	Gm_243	Landrace	0.24446	0.25661	0.25504	0.24390	694679
1	Nongenic	Gm_244	Wild	0.21419	0.28635	0.28576	0.21370	596950
1	Nongenic	Gm_245	Landrace	0.24587	0.25390	0.25335	0.24688	684714
1	Nongenic	Gm_246	Landrace	0.24390	0.25639	0.25589	0.24382	692382
1	Nongenic	Gm_247	Improved	0.24605	0.25413	0.25416	0.24566	685631
1	Nongenic	Gm_248	Wild	0.21949	0.28110	0.28018	0.21923	675310
1	Nongenic	Gm_249	Improved	0.24440	0.25587	0.25578	0.24395	625287
1	Nongenic	Gm_250	Landrace	0.24117	0.25874	0.25904	0.24105	527638
1	Nongenic	Gm_251	Landrace	0.24323	0.25672	0.25716	0.24289	638341
1	Nongenic	Gm_252	Wild	0.22222	0.27840	0.27727	0.22210	676990
1	Nongenic	Gm_253	Landrace	0.23922	0.26035	0.26068	0.23975	563772
1	Nongenic	Gm_254	Improved	0.24523	0.25501	0.25442	0.24534	685023
1	Nongenic	Gm_255	Landrace	0.24563	0.25478	0.25428	0.24531	690293
1	Nongenic	Gm_256	Landrace	0.24285	0.25685	0.25745	0.24285	687111
1	Nongenic	Gm_257	Wild	0.22601	0.27429	0.27381	0.22588	664069
1	Nongenic	Gm_258	Landrace	0.24473	0.25582	0.25510	0.24436	670483
1	Nongenic	Gm_259	Wild	0.22128	0.27987	0.27819	0.22066	675351
1	Nongenic	Gm_260	Landrace	0.24066	0.25999	0.25901	0.24034	555089
1	Nongenic	Gm_261	Landrace	0.23922	0.26043	0.26038	0.23997	521034
1	Nongenic	Gm_262	Improved	0.24514	0.25578	0.25492	0.24416	695543
1	Nongenic	Gm_263	Wild	0.22139	0.27834	0.27805	0.22222	669055
1	Nongenic	Gm_264	Improved	0.24545	0.25452	0.25476	0.24526	694842
1	Nongenic	Gm_265	Landrace	0.24426	0.25579	0.25509	0.24486	688169
1	Nongenic	Gm_266	Wild	0.22446	0.27614	0.27538	0.22402	649995
1	Nongenic	Gm_267	Improved	0.24304	0.25733	0.25672	0.24290	646710
1	Nongenic	Gm_268	Improved	0.24048	0.25946	0.25972	0.24035	535714
1	Nongenic	Gm_269	Improved	0.24448	0.25617	0.25570	0.24366	697312
1	Nongenic	Gm_270	Improved	0.24436	0.25539	0.25585	0.24440	636232
1	Nongenic	Gm_271	Improved	0.24493	0.25572	0.25525	0.24410	695923
1	Nongenic	Gm_272	Wild	0.22055	0.27990	0.27884	0.22070	674174
1	Nongenic	Gm_273	Improved	0.24472	0.25579	0.25541	0.24408	664390
1	Nongenic	Gm_274	Improved	0.24550	0.25387	0.25434	0.24630	691037
1	Nongenic	Gm_275	Improved	0.24571	0.25478	0.25407	0.24544	685595
1	Nongenic	Gm_276	Landrace	0.24544	0.25432	0.25458	0.24566	692776
1	Nongenic	Gm_277	Improved	0.24594	0.25449	0.25383	0.24575	689919
1	Nongenic	Gm_278	Improved	0.24619	0.25399	0.25364	0.24618	695360
1	Nongenic	Gm_279	Wild	0.22285	0.27839	0.27649	0.22227	669489
1	Nongenic	Gm_280	Improved	0.24372	0.25602	0.25649	0.24377	620818
1	Nongenic	Gm_281	Improved	0.24473	0.25517	0.25536	0.24474	687232
1	Nongenic	Gm_282	Improved	0.24637	0.25357	0.25374	0.24632	690591
1	Nongenic	Gm_283	Wild	0.22214	0.27862	0.27789	0.22134	676285
1	Nongenic	Gm_284	Landrace	0.24495	0.25580	0.25478	0.24447	696694
1	Nongenic	Gm_285	Wild	0.22462	0.27559	0.27513	0.22466	669311
1	Nongenic	Gm_286	Improved	0.24222	0.25820	0.25766	0.24192	626239
1	Nongenic	Gm_287	Landrace	0.24456	0.25545	0.25525	0.24474	694038
1	Nongenic	Gm_288	Wild	0.21983	0.28041	0.27999	0.21976	669313
1	Nongenic	Gm_289	Landrace	0.24162	0.25859	0.25808	0.24170	603200
1	Nongenic	Gm_290	Improved	0.24310	0.25728	0.25696	0.24267	591032
1	Nongenic	Gm_291	Landrace	0.24161	0.25850	0.25756	0.24233	559180
1	Nongenic	Gm_292	Improved	0.24347	0.25723	0.25596	0.24334	616829
1	Nongenic	Gm_293	Landrace	0.24568	0.25474	0.25391	0.24567	688822
1	Nongenic	Gm_294	Landrace	0.24392	0.25542	0.25563	0.24502	692725
1	Nongenic	Gm_295	Improved	0.24420	0.25624	0.25549	0.24408	636229
1	Nongenic	Gm_296	Improved	0.24498	0.25521	0.25487	0.24495	674418
1	Nongenic	Gm_297	Improved	0.24553	0.25444	0.25455	0.24548	691686
1	Nongenic	Gm_298	Wild	0.21455	0.28569	0.28534	0.21442	668525
1	Nongenic	Gm_299	Landrace	0.24306	0.25708	0.25647	0.24339	690418
1	Nongenic	Gm_300	Improved	0.24521	0.25483	0.25453	0.24543	695703
1	Nongenic	Gm_301	Landrace	0.24390	0.25606	0.25569	0.24435	608616
1	Nongenic	Gm_302	Landrace	0.23885	0.26048	0.26052	0.24016	563946
2	Genic	Gm_1	Wild	0.25335	0.24652	0.24734	0.25279	685912
2	Genic	Gm_2	Landrace	0.25951	0.24060	0.24250	0.25739	673417
2	Genic	Gm_3	Improved	0.26194	0.23763	0.23960	0.26083	699113
2	Genic	Gm_4	Landrace	0.26098	0.23914	0.24079	0.25909	661386
2	Genic	Gm_5	Landrace	0.26001	0.24016	0.24140	0.25844	550084
2	Genic	Gm_6	Improved	0.26191	0.23869	0.23921	0.26018	685849
2	Genic	Gm_7	Landrace	0.26071	0.23948	0.24069	0.25912	629922
2	Genic	Gm_8	Landrace	0.26160	0.23826	0.24015	0.26000	667423
2	Genic	Gm_9	Landrace	0.26174	0.23815	0.23956	0.26055	666856
2	Genic	Gm_10	Landrace	0.26216	0.23761	0.23877	0.26146	697381
2	Genic	Gm_11	Wild	0.25610	0.24385	0.24474	0.25530	691862
2	Genic	Gm_12	Improved	0.26117	0.23831	0.24059	0.25993	626256
2	Genic	Gm_13	Improved	0.26239	0.23781	0.23847	0.26133	690713
2	Genic	Gm_14	Wild	0.25477	0.24594	0.24631	0.25298	683008
2	Genic	Gm_15	Improved	0.26186	0.23883	0.23935	0.25996	699132
2	Genic	Gm_16	Landrace	0.26244	0.23758	0.23898	0.26100	695450
2	Genic	Gm_17	Wild	0.25246	0.24795	0.24834	0.25125	619341
2	Genic	Gm_18	Improved	0.26273	0.23785	0.23860	0.26083	684745
2	Genic	Gm_19	Wild	0.25454	0.24472	0.24661	0.25414	651314
2	Genic	Gm_20	Improved	0.26279	0.23748	0.23856	0.26116	698665
2	Genic	Gm_21	Landrace	0.26166	0.23831	0.23961	0.26042	692096
2	Genic	Gm_22	Landrace	0.26260	0.23707	0.23884	0.26150	696742
2	Genic	Gm_23	Landrace	0.26166	0.23776	0.24003	0.26055	691805
2	Genic	Gm_24	Improved	0.26216	0.23806	0.23907	0.26071	696647
2	Genic	Gm_25	Wild	0.25204	0.24824	0.24871	0.25101	682745
2	Genic	Gm_26	Improved	0.26208	0.23846	0.23944	0.26002	637884
2	Genic	Gm_27	Landrace	0.26205	0.23792	0.23967	0.26036	659009
2	Genic	Gm_28	Landrace	0.26188	0.23794	0.23918	0.26100	690616
