Category	Strain	Group	A	C	G	T	Total
All	B73_MZ	Improved	0.20607	0.29449	0.29248	0.20696	8032887
All	B97_MZ	Improved	0.20801	0.29239	0.29044	0.20916	8146269
All	BKN009_MZ	Landrace	0.20615	0.29465	0.29249	0.20672	8222036
All	BKN010_MZ	Landrace	0.20723	0.29323	0.29146	0.20808	8257377
All	BKN011_MZ	Landrace	0.20500	0.29550	0.29355	0.20595	8039579
All	BKN014_MZ	Landrace	0.20603	0.29457	0.29253	0.20687	8174857
All	BKN015_MZ	Landrace	0.20673	0.29396	0.29202	0.20730	8101664
All	BKN016_MZ	Landrace	0.20684	0.29381	0.29175	0.20761	8195455
All	BKN017_MZ	Landrace	0.20480	0.29578	0.29394	0.20548	7934684
All	BKN018_MZ	Landrace	0.20871	0.29199	0.28980	0.20950	8300018
All	BKN019_MZ	Landrace	0.20730	0.29325	0.29142	0.20803	8234328
All	BKN020_MZ	Landrace	0.20732	0.29335	0.29120	0.20813	8155843
All	BKN022_MZ	Landrace	0.20597	0.29466	0.29269	0.20667	8153395
All	BKN023_MZ	Landrace	0.20743	0.29302	0.29128	0.20827	8135843
All	BKN025_MZ	Landrace	0.20821	0.29226	0.29038	0.20915	8228255
All	BKN026_MZ	Landrace	0.20522	0.29554	0.29338	0.20586	8059379
All	BKN027_MZ	Landrace	0.20750	0.29305	0.29103	0.20843	8187529
All	BKN029_MZ	Landrace	0.20526	0.29533	0.29339	0.20602	7995938
All	BKN030_MZ	Landrace	0.20675	0.29388	0.29180	0.20756	8106799
All	BKN031_MZ	Landrace	0.20755	0.29304	0.29091	0.20850	8238205
All	BKN032_MZ	Landrace	0.20737	0.29317	0.29123	0.20823	8201296
All	BKN033_MZ	Landrace	0.20538	0.29527	0.29338	0.20597	8040017
All	BKN034_MZ	Landrace	0.20820	0.29223	0.29032	0.20926	8138088
All	BKN035_MZ	Landrace	0.20480	0.29580	0.29387	0.20553	8051656
All	BKN040_MZ	Landrace	0.20970	0.29100	0.28898	0.21032	8010662
All	CAU178_MZ	Improved	0.20558	0.29496	0.29303	0.20643	8060145
All	CAU478_MZ	Improved	0.20567	0.29501	0.29291	0.20642	7982293
All	CAU5003_MZ	Improved	0.20759	0.29310	0.29106	0.20825	8120477
All	CAUCHANG72_MZ	Improved	0.20525	0.29534	0.29340	0.20601	8202923
All	CAUMO17_MZ	Improved	0.20733	0.29316	0.29138	0.20814	8380696
All	CAUZHENG58_MZ	Improved	0.20816	0.29245	0.29047	0.20891	8295130
All	CML103_MZ	Improved	0.20752	0.29303	0.29103	0.20842	7713860
All	CML133_MZ	Improved	0.20903	0.29144	0.28936	0.21017	7943496
All	CML192_MZ	Improved	0.20979	0.29084	0.28892	0.21045	7702705
All	CML202_MZ	Improved	0.20822	0.29240	0.29036	0.20901	7587757
All	CML206_MZ	Improved	0.21000	0.29075	0.28866	0.21059	7668736
All	CML228_MZ	Improved	0.20746	0.29328	0.29098	0.20828	7555052
All	CML247_MZ	Improved	0.20563	0.29492	0.29293	0.20653	6916407
All	CML277_MZ	Improved	0.20649	0.29395	0.29204	0.20752	7312486
All	CML312SR_MZ	Improved	0.20958	0.29091	0.28904	0.21047	7598929
All	CML322_MZ	Improved	0.20669	0.29414	0.29172	0.20744	7392969
All	CML330_MZ	Improved	0.20888	0.29145	0.28954	0.21013	7700501
All	CML333_MZ	Improved	0.20848	0.29215	0.29017	0.20920	8187853
All	CML341_MZ	Improved	0.20946	0.29113	0.28908	0.21033	7686609
All	CML411_MZ	Improved	0.20984	0.29063	0.28878	0.21075	7663209
All	CML418_MZ	Improved	0.20858	0.29192	0.29000	0.20951	7563681
All	CML479_MZ	Improved	0.20813	0.29243	0.29034	0.20909	7709489
All	CML504_MZ	Improved	0.20966	0.29125	0.28876	0.21034	7624244
All	CML505_MZ	Improved	0.20968	0.29083	0.28898	0.21051	7929640
All	CML511_MZ	Improved	0.20937	0.29123	0.28932	0.21008	7737337
All	CML52_MZ	Improved	0.20690	0.29364	0.29175	0.20771	7771726
All	CML69_MZ	Improved	0.20818	0.29243	0.29048	0.20891	8064971
All	CML84_MZ	Improved	0.20860	0.29210	0.29016	0.20914	7874573
All	CML85_MZ	Improved	0.20855	0.29209	0.28996	0.20940	7961295
All	CML96_MZ	Improved	0.20906	0.29147	0.28955	0.20991	7729404
All	CML99_MZ	Improved	0.20937	0.29135	0.28913	0.21015	7892388
All	H16_MZ	Improved	0.20930	0.29142	0.28924	0.21004	7408033
All	HP301_MZ	Improved	0.20796	0.29285	0.29065	0.20854	8168692
All	IL14H_MZ	Improved	0.20786	0.29267	0.29078	0.20869	8060106
All	KI11_MZ	Improved	0.20756	0.29310	0.29109	0.20826	7618966
All	KI3_MZ	Improved	0.20786	0.29269	0.29064	0.20881	8362624
All	KY21_MZ	Improved	0.20456	0.29602	0.29390	0.20552	6957520
All	M162W_MZ	Improved	0.20696	0.29392	0.29154	0.20758	7843306
All	M37W_MZ	Improved	0.20664	0.29390	0.29197	0.20749	7704989
All	MO17_MZ	Improved	0.20880	0.29161	0.28987	0.20971	7900417
All	MO18W_MZ	Improved	0.20615	0.29420	0.29239	0.20727	7699020
All	MS71_MZ	Improved	0.20755	0.29308	0.29113	0.20823	8180646
All	NC350_MZ	Improved	0.20532	0.29507	0.29306	0.20655	7098584
All	NC358_MZ	Improved	0.20485	0.29573	0.29365	0.20578	6969646
All	OH43_MZ	Improved	0.20664	0.29390	0.29204	0.20742	8509898
All	OH7B_MZ	Improved	0.20701	0.29380	0.29147	0.20772	7726644
All	P1_MZ	Improved	0.20915	0.29154	0.28939	0.20992	7784847
All	P39_MZ	Improved	0.20700	0.29360	0.29160	0.20780	7902970
All	TIL01_TEO	Wild	0.19008	0.31096	0.30868	0.19028	6523441
All	TIL03_TEO	Wild	0.19451	0.30641	0.30420	0.19488	7199224
All	TIL05_TEO	Wild	0.19174	0.30912	0.30721	0.19193	7707457
All	TIL06-TIP260_TEO	Wild	0.18839	0.31255	0.31044	0.18861	7504074
All	TIL07_TEO	Wild	0.19219	0.30879	0.30655	0.19247	7622379
All	TIL08_TEO	Wild	0.18366	0.31752	0.31519	0.18362	7631671
All	TIL09_TEO	Wild	0.19235	0.30864	0.30651	0.19250	7778702
All	TIL10_TEO	Wild	0.19011	0.31085	0.30868	0.19036	7579656
All	TIL11_TEO	Wild	0.19441	0.30641	0.30444	0.19474	6454714
All	TIL12_TEO	Wild	0.18872	0.31245	0.30989	0.18894	6223360
All	TIL15_TEO	Wild	0.18889	0.31223	0.30971	0.18918	7486789
All	TIL16_TEO	Wild	0.18864	0.31243	0.31003	0.18889	6961300
All	TIL17_TEO	Wild	0.19139	0.30952	0.30736	0.19174	7136855
All	TIL25_TEO	Wild	0.18365	0.31728	0.31504	0.18403	7773700
All	TIL04-TIP454_TEO	Wild	0.18954	0.31170	0.30927	0.18949	7583221
All	TIL06-TIP496_TEO	Wild	0.18913	0.31187	0.30993	0.18907	7443438
All	TIL14_TEO	Wild	0.19281	0.30799	0.30586	0.19335	7511322
All	TX303_MZ	Improved	0.20762	0.29264	0.29092	0.20883	7962323
All	TZI8_MZ	Improved	0.20800	0.29240	0.29079	0.20881	6878827
All	VL0512447_MZ	Improved	0.20851	0.29207	0.28993	0.20950	7303456
All	VL05128_MZ	Improved	0.20838	0.29206	0.29027	0.20929	7756311
All	VL054178_MZ	Improved	0.20979	0.29084	0.28868	0.21069	7804363
All	VL05610_MZ	Improved	0.20995	0.29088	0.28853	0.21064	7969471
All	VL056883_MZ	Improved	0.20748	0.29288	0.29109	0.20855	7661592
All	VL062784_MZ	Improved	0.20905	0.29149	0.28959	0.20986	7701620
All	W22_MZ	Improved	0.20883	0.29177	0.28982	0.20959	8360011
All	W64A_MZ	Improved	0.20694	0.29355	0.29173	0.20778	8469566
Genic	B73_MZ	Improved	0.22228	0.27733	0.27789	0.22250	1586602
Genic	B97_MZ	Improved	0.22393	0.27607	0.27578	0.22422	1625067
Genic	BKN009_MZ	Landrace	0.22299	0.27702	0.27737	0.22262	1636152
Genic	BKN010_MZ	Landrace	0.22339	0.27616	0.27687	0.22358	1638660
Genic	BKN011_MZ	Landrace	0.22229	0.27747	0.27765	0.22259	1595921
Genic	BKN014_MZ	Landrace	0.22293	0.27670	0.27742	0.22295	1626655
Genic	BKN015_MZ	Landrace	0.22337	0.27679	0.27698	0.22286	1606052
Genic	BKN016_MZ	Landrace	0.22377	0.27632	0.27656	0.22336	1634056
Genic	BKN017_MZ	Landrace	0.22241	0.27779	0.27801	0.22178	1601066
Genic	BKN018_MZ	Landrace	0.22402	0.27602	0.27599	0.22397	1650822
Genic	BKN019_MZ	Landrace	0.22316	0.27651	0.27678	0.22355	1635072
Genic	BKN020_MZ	Landrace	0.22358	0.27586	0.27621	0.22434	1619943
Genic	BKN022_MZ	Landrace	0.22256	0.27724	0.27777	0.22243	1630871
Genic	BKN023_MZ	Landrace	0.22422	0.27597	0.27596	0.22385	1612155
Genic	BKN025_MZ	Landrace	0.22432	0.27560	0.27566	0.22442	1625834
Genic	BKN026_MZ	Landrace	0.22280	0.27717	0.27726	0.22277	1605119
Genic	BKN027_MZ	Landrace	0.22374	0.27606	0.27657	0.22363	1624180
Genic	BKN029_MZ	Landrace	0.22335	0.27690	0.27677	0.22298	1596798
Genic	BKN030_MZ	Landrace	0.22386	0.27630	0.27626	0.22358	1613441
Genic	BKN031_MZ	Landrace	0.22385	0.27591	0.27625	0.22399	1630766
Genic	BKN032_MZ	Landrace	0.22382	0.27626	0.27637	0.22354	1623183
Genic	BKN033_MZ	Landrace	0.22215	0.27727	0.27771	0.22287	1598426
Genic	BKN034_MZ	Landrace	0.22448	0.27577	0.27547	0.22428	1618258
Genic	BKN035_MZ	Landrace	0.22207	0.27784	0.27795	0.22214	1608003
Genic	BKN040_MZ	Landrace	0.22559	0.27484	0.27448	0.22509	1593563
Genic	CAU178_MZ	Improved	0.22248	0.27746	0.27755	0.22252	1612434
Genic	CAU478_MZ	Improved	0.22161	0.27880	0.27883	0.22076	1564167
Genic	CAU5003_MZ	Improved	0.22410	0.27633	0.27612	0.22346	1626815
Genic	CAUCHANG72_MZ	Improved	0.22227	0.27769	0.27768	0.22236	1642532
Genic	CAUMO17_MZ	Improved	0.22337	0.27642	0.27674	0.22347	1661540
Genic	CAUZHENG58_MZ	Improved	0.22433	0.27543	0.27590	0.22434	1651827
Genic	CML103_MZ	Improved	0.22310	0.27697	0.27689	0.22304	1546168
Genic	CML133_MZ	Improved	0.22512	0.27490	0.27484	0.22514	1573960
Genic	CML192_MZ	Improved	0.22555	0.27466	0.27495	0.22484	1521558
Genic	CML202_MZ	Improved	0.22397	0.27563	0.27578	0.22462	1504931
Genic	CML206_MZ	Improved	0.22589	0.27425	0.27431	0.22555	1503312
Genic	CML228_MZ	Improved	0.22265	0.27780	0.27710	0.22245	1518774
Genic	CML247_MZ	Improved	0.22090	0.27922	0.27892	0.22096	1408839
Genic	CML277_MZ	Improved	0.22136	0.27782	0.27866	0.22216	1477350
Genic	CML312SR_MZ	Improved	0.22608	0.27378	0.27388	0.22626	1500538
Genic	CML322_MZ	Improved	0.22168	0.27831	0.27818	0.22182	1490914
Genic	CML330_MZ	Improved	0.22451	0.27507	0.27512	0.22529	1504351
Genic	CML333_MZ	Improved	0.22417	0.27603	0.27591	0.22389	1631935
Genic	CML341_MZ	Improved	0.22537	0.27410	0.27493	0.22560	1507969
Genic	CML411_MZ	Improved	0.22580	0.27392	0.27428	0.22599	1511238
Genic	CML418_MZ	Improved	0.22475	0.27510	0.27522	0.22494	1491840
Genic	CML479_MZ	Improved	0.22398	0.27561	0.27564	0.22477	1526091
Genic	CML504_MZ	Improved	0.22556	0.27467	0.27392	0.22585	1510528
Genic	CML505_MZ	Improved	0.22519	0.27463	0.27500	0.22518	1545653
Genic	CML511_MZ	Improved	0.22537	0.27418	0.27426	0.22618	1512716
Genic	CML52_MZ	Improved	0.22230	0.27755	0.27753	0.22261	1535002
Genic	CML69_MZ	Improved	0.22373	0.27635	0.27641	0.22350	1610276
Genic	CML84_MZ	Improved	0.22487	0.27489	0.27535	0.22489	1561438
Genic	CML85_MZ	Improved	0.22484	0.27512	0.27505	0.22498	1579924
Genic	CML96_MZ	Improved	0.22554	0.27458	0.27447	0.22541	1528591
Genic	CML99_MZ	Improved	0.22494	0.27502	0.27486	0.22518	1563073
Genic	H16_MZ	Improved	0.22528	0.27484	0.27462	0.22526	1432299
Genic	HP301_MZ	Improved	0.22400	0.27615	0.27624	0.22361	1628462
Genic	IL14H_MZ	Improved	0.22422	0.27504	0.27610	0.22465	1618732
Genic	KI11_MZ	Improved	0.22328	0.27684	0.27696	0.22291	1531862
Genic	KI3_MZ	Improved	0.22364	0.27557	0.27637	0.22442	1663461
Genic	KY21_MZ	Improved	0.22005	0.27929	0.28047	0.22018	1401062
Genic	M162W_MZ	Improved	0.22271	0.27758	0.27729	0.22242	1566366
Genic	M37W_MZ	Improved	0.22232	0.27770	0.27777	0.22221	1538939
Genic	MO17_MZ	Improved	0.22351	0.27619	0.27655	0.22375	1582124
Genic	MO18W_MZ	Improved	0.22215	0.27816	0.27773	0.22196	1542034
Genic	MS71_MZ	Improved	0.22355	0.27667	0.27666	0.22312	1628020
Genic	NC350_MZ	Improved	0.22001	0.27971	0.27930	0.22098	1430374
Genic	NC358_MZ	Improved	0.22009	0.28007	0.28008	0.21976	1403540
Genic	OH43_MZ	Improved	0.22393	0.27614	0.27651	0.22342	1692570
Genic	OH7B_MZ	Improved	0.22282	0.27704	0.27710	0.22304	1551706
Genic	P1_MZ	Improved	0.22503	0.27504	0.27476	0.22517	1543901
Genic	P39_MZ	Improved	0.22329	0.27613	0.27677	0.22382	1590597
Genic	TIL01_TEO	Wild	0.21394	0.28624	0.28636	0.21346	1378021
Genic	TIL03_TEO	Wild	0.21657	0.28296	0.28388	0.21659	1472939
Genic	TIL05_TEO	Wild	0.21581	0.28409	0.28446	0.21563	1594365
Genic	TIL06-TIP260_TEO	Wild	0.21387	0.28628	0.28626	0.21359	1556259
Genic	TIL07_TEO	Wild	0.21538	0.28472	0.28503	0.21488	1567591
Genic	TIL08_TEO	Wild	0.21115	0.28880	0.28901	0.21104	1608314
Genic	TIL09_TEO	Wild	0.21552	0.28478	0.28456	0.21514	1603883
Genic	TIL10_TEO	Wild	0.21492	0.28489	0.28555	0.21463	1560909
Genic	TIL11_TEO	Wild	0.21634	0.28355	0.28422	0.21589	1335477
Genic	TIL12_TEO	Wild	0.21403	0.28572	0.28553	0.21472	1314286
Genic	TIL15_TEO	Wild	0.21360	0.28676	0.28675	0.21289	1566681
Genic	TIL16_TEO	Wild	0.21255	0.28742	0.28720	0.21283	1464055
Genic	TIL17_TEO	Wild	0.21554	0.28492	0.28454	0.21500	1480576
Genic	TIL25_TEO	Wild	0.21098	0.28883	0.28910	0.21108	1627124
Genic	TIL04-TIP454_TEO	Wild	0.21481	0.28521	0.28540	0.21458	1567615
Genic	TIL06-TIP496_TEO	Wild	0.21432	0.28611	0.28603	0.21353	1560379
Genic	TIL14_TEO	Wild	0.21571	0.28406	0.28438	0.21585	1542327
Genic	TX303_MZ	Improved	0.22383	0.27586	0.27591	0.22440	1592380
Genic	TZI8_MZ	Improved	0.22205	0.27755	0.27813	0.22227	1415357
Genic	VL0512447_MZ	Improved	0.22508	0.27460	0.27494	0.22538	1415810
Genic	VL05128_MZ	Improved	0.22401	0.27596	0.27618	0.22386	1516421
Genic	VL054178_MZ	Improved	0.22524	0.27428	0.27477	0.22571	1544193
Genic	VL05610_MZ	Improved	0.22683	0.27353	0.27282	0.22682	1553360
Genic	VL056883_MZ	Improved	0.22352	0.27610	0.27684	0.22354	1523756
Genic	VL062784_MZ	Improved	0.22413	0.27603	0.27589	0.22395	1527029
Genic	W22_MZ	Improved	0.22428	0.27558	0.27571	0.22443	1650322
Genic	W64A_MZ	Improved	0.22325	0.27630	0.27681	0.22364	1679997
Nongenic	B73_MZ	Improved	0.20208	0.29871	0.29608	0.20314	6446285
Nongenic	B97_MZ	Improved	0.20404	0.29646	0.29409	0.20541	6521202
Nongenic	BKN009_MZ	Landrace	0.20197	0.29902	0.29624	0.20277	6585884
Nongenic	BKN010_MZ	Landrace	0.20322	0.29746	0.29507	0.20424	6618717
Nongenic	BKN011_MZ	Landrace	0.20071	0.29997	0.29748	0.20183	6443658
Nongenic	BKN014_MZ	Landrace	0.20183	0.29901	0.29628	0.20288	6548202
Nongenic	BKN015_MZ	Landrace	0.20262	0.29820	0.29573	0.20345	6495612
Nongenic	BKN016_MZ	Landrace	0.20263	0.29816	0.29553	0.20368	6561399
Nongenic	BKN017_MZ	Landrace	0.20035	0.30033	0.29796	0.20136	6333618
Nongenic	BKN018_MZ	Landrace	0.20490	0.29596	0.29323	0.20591	6649196
Nongenic	BKN019_MZ	Landrace	0.20337	0.29740	0.29504	0.20419	6599256
Nongenic	BKN020_MZ	Landrace	0.20329	0.29769	0.29492	0.20411	6535900
Nongenic	BKN022_MZ	Landrace	0.20183	0.29902	0.29642	0.20273	6522524
Nongenic	BKN023_MZ	Landrace	0.20328	0.29724	0.29507	0.20442	6523688
Nongenic	BKN025_MZ	Landrace	0.20424	0.29637	0.29400	0.20539	6602421
Nongenic	BKN026_MZ	Landrace	0.20085	0.30011	0.29739	0.20165	6454260
Nongenic	BKN027_MZ	Landrace	0.20348	0.29725	0.29461	0.20466	6563349
Nongenic	BKN029_MZ	Landrace	0.20075	0.29993	0.29753	0.20179	6399140
Nongenic	BKN030_MZ	Landrace	0.20250	0.29825	0.29567	0.20358	6493358
Nongenic	BKN031_MZ	Landrace	0.20353	0.29727	0.29453	0.20468	6607439
Nongenic	BKN032_MZ	Landrace	0.20331	0.29734	0.29490	0.20445	6578113
Nongenic	BKN033_MZ	Landrace	0.20122	0.29973	0.29727	0.20178	6441591
Nongenic	BKN034_MZ	Landrace	0.20416	0.29631	0.29401	0.20553	6519830
Nongenic	BKN035_MZ	Landrace	0.20049	0.30029	0.29784	0.20138	6443653
Nongenic	BKN040_MZ	Landrace	0.20575	0.29501	0.29258	0.20666	6417099
Nongenic	CAU178_MZ	Improved	0.20135	0.29934	0.29690	0.20241	6447711
Nongenic	CAU478_MZ	Improved	0.20178	0.29895	0.29634	0.20292	6418126
Nongenic	CAU5003_MZ	Improved	0.20346	0.29730	0.29480	0.20444	6493662
Nongenic	CAUCHANG72_MZ	Improved	0.20099	0.29975	0.29733	0.20192	6560391
Nongenic	CAUMO17_MZ	Improved	0.20336	0.29730	0.29500	0.20435	6719156
Nongenic	CAUZHENG58_MZ	Improved	0.20414	0.29668	0.29410	0.20508	6643303
Nongenic	CML103_MZ	Improved	0.20361	0.29705	0.29458	0.20476	6167692
Nongenic	CML133_MZ	Improved	0.20505	0.29553	0.29295	0.20647	6369536
Nongenic	CML192_MZ	Improved	0.20591	0.29483	0.29236	0.20690	6181147
Nongenic	CML202_MZ	Improved	0.20433	0.29656	0.29397	0.20515	6082826
Nongenic	CML206_MZ	Improved	0.20613	0.29477	0.29216	0.20694	6165424
Nongenic	CML228_MZ	Improved	0.20364	0.29717	0.29447	0.20472	6036278
Nongenic	CML247_MZ	Improved	0.20172	0.29893	0.29651	0.20284	5507568
Nongenic	CML277_MZ	Improved	0.20273	0.29804	0.29542	0.20381	5835136
Nongenic	CML312SR_MZ	Improved	0.20552	0.29512	0.29277	0.20658	6098391
Nongenic	CML322_MZ	Improved	0.20291	0.29814	0.29514	0.20381	5902055
Nongenic	CML330_MZ	Improved	0.20509	0.29543	0.29304	0.20644	6196150
Nongenic	CML333_MZ	Improved	0.20457	0.29616	0.29372	0.20555	6555918
Nongenic	CML341_MZ	Improved	0.20557	0.29529	0.29253	0.20660	6178640
Nongenic	CML411_MZ	Improved	0.20592	0.29474	0.29234	0.20700	6151971
Nongenic	CML418_MZ	Improved	0.20460	0.29605	0.29363	0.20572	6071841
Nongenic	CML479_MZ	Improved	0.20422	0.29658	0.29397	0.20522	6183398
Nongenic	CML504_MZ	Improved	0.20573	0.29535	0.29242	0.20650	6113716
Nongenic	CML505_MZ	Improved	0.20593	0.29475	0.29236	0.20696	6383987
Nongenic	CML511_MZ	Improved	0.20548	0.29538	0.29297	0.20616	6224621
Nongenic	CML52_MZ	Improved	0.20310	0.29760	0.29526	0.20404	6236724
Nongenic	CML69_MZ	Improved	0.20430	0.29644	0.29399	0.20527	6454695
Nongenic	CML84_MZ	Improved	0.20458	0.29636	0.29382	0.20524	6313135
Nongenic	CML85_MZ	Improved	0.20452	0.29629	0.29365	0.20555	6381371
Nongenic	CML96_MZ	Improved	0.20500	0.29563	0.29327	0.20609	6200813
Nongenic	CML99_MZ	Improved	0.20552	0.29539	0.29266	0.20644	6329315
Nongenic	H16_MZ	Improved	0.20547	0.29540	0.29274	0.20640	5975734
Nongenic	HP301_MZ	Improved	0.20397	0.29700	0.29423	0.20479	6540230
Nongenic	IL14H_MZ	Improved	0.20375	0.29710	0.29447	0.20468	6441374
Nongenic	KI11_MZ	Improved	0.20360	0.29719	0.29464	0.20457	6087104
Nongenic	KI3_MZ	Improved	0.20395	0.29694	0.29418	0.20493	6699163
Nongenic	KY21_MZ	Improved	0.20066	0.30024	0.29729	0.20182	5556458
Nongenic	M162W_MZ	Improved	0.20304	0.29800	0.29509	0.20388	6276940
Nongenic	M37W_MZ	Improved	0.20273	0.29794	0.29552	0.20382	6166050
Nongenic	MO17_MZ	Improved	0.20512	0.29547	0.29321	0.20619	6318293
Nongenic	MO18W_MZ	Improved	0.20214	0.29821	0.29606	0.20359	6156986
Nongenic	MS71_MZ	Improved	0.20358	0.29716	0.29472	0.20454	6552626
Nongenic	NC350_MZ	Improved	0.20161	0.29895	0.29653	0.20291	5668210
Nongenic	NC358_MZ	Improved	0.20101	0.29968	0.29707	0.20225	5566106
Nongenic	OH43_MZ	Improved	0.20235	0.29831	0.29589	0.20345	6817328
Nongenic	OH7B_MZ	Improved	0.20304	0.29801	0.29508	0.20387	6174938
Nongenic	P1_MZ	Improved	0.20523	0.29562	0.29300	0.20614	6240946
Nongenic	P39_MZ	Improved	0.20289	0.29800	0.29534	0.20376	6312373
Nongenic	TIL01_TEO	Wild	0.18369	0.31758	0.31466	0.18407	5145420
Nongenic	TIL03_TEO	Wild	0.18884	0.31244	0.30942	0.18930	5726285
Nongenic	TIL05_TEO	Wild	0.18546	0.31565	0.31315	0.18575	6113092
Nongenic	TIL06-TIP260_TEO	Wild	0.18173	0.31943	0.31677	0.18208	5947815
Nongenic	TIL07_TEO	Wild	0.18618	0.31502	0.31212	0.18667	6054788
Nongenic	TIL08_TEO	Wild	0.17632	0.32519	0.32219	0.17631	6023357
Nongenic	TIL09_TEO	Wild	0.18633	0.31483	0.31221	0.18662	6174819
Nongenic	TIL10_TEO	Wild	0.18368	0.31758	0.31468	0.18406	6018747
Nongenic	TIL11_TEO	Wild	0.18869	0.31237	0.30972	0.18922	5119237
Nongenic	TIL12_TEO	Wild	0.18195	0.31961	0.31641	0.18204	4909074
Nongenic	TIL15_TEO	Wild	0.18235	0.31897	0.31578	0.18290	5920108
Nongenic	TIL16_TEO	Wild	0.18228	0.31909	0.31612	0.18251	5497245
Nongenic	TIL17_TEO	Wild	0.18506	0.31595	0.31334	0.18564	5656279
Nongenic	TIL25_TEO	Wild	0.17641	0.32482	0.32191	0.17686	6146576
Nongenic	TIL04-TIP454_TEO	Wild	0.18295	0.31861	0.31549	0.18295	6015606
Nongenic	TIL06-TIP496_TEO	Wild	0.18244	0.31871	0.31626	0.18259	5883059
Nongenic	TIL14_TEO	Wild	0.18689	0.31417	0.31141	0.18753	5968995
Nongenic	TX303_MZ	Improved	0.20356	0.29683	0.29467	0.20494	6369943
Nongenic	TZI8_MZ	Improved	0.20436	0.29625	0.29407	0.20532	5463470
Nongenic	VL0512447_MZ	Improved	0.20453	0.29627	0.29353	0.20567	5887646
Nongenic	VL05128_MZ	Improved	0.20458	0.29598	0.29369	0.20575	6239890
Nongenic	VL054178_MZ	Improved	0.20598	0.29493	0.29211	0.20698	6260170
Nongenic	VL05610_MZ	Improved	0.20586	0.29508	0.29234	0.20672	6416111
Nongenic	VL056883_MZ	Improved	0.20350	0.29704	0.29462	0.20483	6137836
Nongenic	VL062784_MZ	Improved	0.20533	0.29531	0.29298	0.20638	6174591
Nongenic	W22_MZ	Improved	0.20503	0.29575	0.29329	0.20593	6709689
Nongenic	W64A_MZ	Improved	0.20291	0.29782	0.29542	0.20385	6789569
Nonsyn	B73_MZ	Improved	0.20282	0.29644	0.29781	0.20294	170437
Nonsyn	B97_MZ	Improved	0.20460	0.29512	0.29453	0.20575	172574
Nonsyn	BKN009_MZ	Landrace	0.20268	0.29737	0.29772	0.20224	169934
Nonsyn	BKN010_MZ	Landrace	0.20374	0.29469	0.29722	0.20435	170378
Nonsyn	BKN011_MZ	Landrace	0.20098	0.29754	0.29857	0.20291	165518
Nonsyn	BKN014_MZ	Landrace	0.20268	0.29645	0.29730	0.20356	168975
Nonsyn	BKN015_MZ	Landrace	0.20401	0.29658	0.29605	0.20336	166264
Nonsyn	BKN016_MZ	Landrace	0.20420	0.29716	0.29445	0.20420	169573
Nonsyn	BKN017_MZ	Landrace	0.20212	0.29771	0.29684	0.20333	166287
Nonsyn	BKN018_MZ	Landrace	0.20520	0.29493	0.29448	0.20539	172505
Nonsyn	BKN019_MZ	Landrace	0.20176	0.29625	0.29767	0.20432	170927
Nonsyn	BKN020_MZ	Landrace	0.20371	0.29414	0.29653	0.20562	168201
Nonsyn	BKN022_MZ	Landrace	0.20322	0.29730	0.29686	0.20262	169793
Nonsyn	BKN023_MZ	Landrace	0.20278	0.29666	0.29539	0.20517	166658
Nonsyn	BKN025_MZ	Landrace	0.20268	0.29440	0.29743	0.20549	168431
Nonsyn	BKN026_MZ	Landrace	0.20222	0.29764	0.29616	0.20398	166319
Nonsyn	BKN027_MZ	Landrace	0.20437	0.29625	0.29496	0.20442	168656
Nonsyn	BKN029_MZ	Landrace	0.20298	0.29786	0.29583	0.20332	165096
Nonsyn	BKN030_MZ	Landrace	0.20343	0.29588	0.29597	0.20472	166421
Nonsyn	BKN031_MZ	Landrace	0.20393	0.29606	0.29523	0.20479	169160
Nonsyn	BKN032_MZ	Landrace	0.20348	0.29579	0.29714	0.20359	168261
Nonsyn	BKN033_MZ	Landrace	0.20164	0.29705	0.29745	0.20385	165505
Nonsyn	BKN034_MZ	Landrace	0.20413	0.29495	0.29618	0.20474	167272
Nonsyn	BKN035_MZ	Landrace	0.20271	0.29752	0.29844	0.20132	167024
Nonsyn	BKN040_MZ	Landrace	0.20619	0.29283	0.29392	0.20707	165474
Nonsyn	CAU178_MZ	Improved	0.20249	0.29767	0.29655	0.20329	170506
Nonsyn	CAU478_MZ	Improved	0.20218	0.29678	0.29869	0.20235	168655
Nonsyn	CAU5003_MZ	Improved	0.20474	0.29607	0.29494	0.20425	172194
Nonsyn	CAUCHANG72_MZ	Improved	0.20136	0.29700	0.29905	0.20260	172820
Nonsyn	CAUMO17_MZ	Improved	0.20391	0.29587	0.29612	0.20411	173919
Nonsyn	CAUZHENG58_MZ	Improved	0.20577	0.29422	0.29447	0.20554	174265
Nonsyn	CML103_MZ	Improved	0.20249	0.29532	0.29585	0.20634	166004
Nonsyn	CML133_MZ	Improved	0.20572	0.29282	0.29369	0.20777	164199
Nonsyn	CML192_MZ	Improved	0.20550	0.29355	0.29425	0.20670	158612
Nonsyn	CML202_MZ	Improved	0.20660	0.29371	0.29257	0.20712	158454
Nonsyn	CML206_MZ	Improved	0.20657	0.29329	0.29287	0.20727	155469
Nonsyn	CML228_MZ	Improved	0.20187	0.29625	0.29645	0.20544	164741
Nonsyn	CML247_MZ	Improved	0.20033	0.29885	0.29791	0.20291	154805
Nonsyn	CML277_MZ	Improved	0.20033	0.29550	0.29983	0.20434	161736
Nonsyn	CML312SR_MZ	Improved	0.20790	0.29122	0.29202	0.20886	153229
Nonsyn	CML322_MZ	Improved	0.20237	0.29662	0.29695	0.20407	163289
Nonsyn	CML330_MZ	Improved	0.20554	0.29379	0.29421	0.20645	156722
Nonsyn	CML333_MZ	Improved	0.20310	0.29547	0.29631	0.20512	171903
Nonsyn	CML341_MZ	Improved	0.20587	0.29360	0.29310	0.20743	156526
Nonsyn	CML411_MZ	Improved	0.20563	0.29255	0.29354	0.20828	155501
Nonsyn	CML418_MZ	Improved	0.20391	0.29557	0.29549	0.20503	154951
Nonsyn	CML479_MZ	Improved	0.20425	0.29320	0.29348	0.20908	160792
Nonsyn	CML504_MZ	Improved	0.20594	0.29284	0.29334	0.20788	155563
Nonsyn	CML505_MZ	Improved	0.20560	0.29227	0.29361	0.20853	160709
Nonsyn	CML511_MZ	Improved	0.20791	0.29124	0.29167	0.20918	155565
Nonsyn	CML52_MZ	Improved	0.20140	0.29686	0.29868	0.20306	162303
Nonsyn	CML69_MZ	Improved	0.20329	0.29628	0.29558	0.20485	169929
Nonsyn	CML84_MZ	Improved	0.20385	0.29296	0.29504	0.20815	162780
Nonsyn	CML85_MZ	Improved	0.20451	0.29421	0.29436	0.20692	164712
Nonsyn	CML96_MZ	Improved	0.20541	0.29289	0.29361	0.20810	157725
Nonsyn	CML99_MZ	Improved	0.20576	0.29317	0.29377	0.20730	163664
Nonsyn	H16_MZ	Improved	0.20641	0.29272	0.29392	0.20696	149342
Nonsyn	HP301_MZ	Improved	0.20482	0.29513	0.29536	0.20470	171969
Nonsyn	IL14H_MZ	Improved	0.20467	0.29545	0.29424	0.20565	170410
Nonsyn	KI11_MZ	Improved	0.20337	0.29518	0.29712	0.20433	165173
Nonsyn	KI3_MZ	Improved	0.20337	0.29432	0.29658	0.20573	174939
Nonsyn	KY21_MZ	Improved	0.20172	0.29679	0.29781	0.20368	158281
Nonsyn	M162W_MZ	Improved	0.20366	0.29663	0.29628	0.20343	169649
Nonsyn	M37W_MZ	Improved	0.20217	0.29692	0.29660	0.20432	167060
Nonsyn	MO17_MZ	Improved	0.20491	0.29557	0.29465	0.20487	169090
Nonsyn	MO18W_MZ	Improved	0.20253	0.29821	0.29598	0.20328	167760
Nonsyn	MS71_MZ	Improved	0.20434	0.29548	0.29590	0.20429	173283
Nonsyn	NC350_MZ	Improved	0.20109	0.29716	0.29861	0.20314	160059
Nonsyn	NC358_MZ	Improved	0.20073	0.29817	0.29863	0.20247	158344
Nonsyn	OH43_MZ	Improved	0.20364	0.29582	0.29577	0.20478	177370
Nonsyn	OH7B_MZ	Improved	0.20275	0.29501	0.29660	0.20564	167900
Nonsyn	P1_MZ	Improved	0.20608	0.29398	0.29407	0.20587	161828
Nonsyn	P39_MZ	Improved	0.20496	0.29608	0.29380	0.20517	170009
Nonsyn	TIL01_TEO	Wild	0.19395	0.30428	0.30700	0.19477	150471
Nonsyn	TIL03_TEO	Wild	0.19743	0.30139	0.30255	0.19863	157175
Nonsyn	TIL05_TEO	Wild	0.19496	0.30491	0.30449	0.19563	167063
Nonsyn	TIL06-TIP260_TEO	Wild	0.19327	0.30528	0.30711	0.19435	163868
Nonsyn	TIL07_TEO	Wild	0.19462	0.30603	0.30524	0.19411	165739
Nonsyn	TIL08_TEO	Wild	0.19004	0.30953	0.30900	0.19143	169361
Nonsyn	TIL09_TEO	Wild	0.19716	0.30367	0.30387	0.19529	168951
Nonsyn	TIL10_TEO	Wild	0.19440	0.30475	0.30686	0.19399	165542
Nonsyn	TIL11_TEO	Wild	0.19666	0.30224	0.30400	0.19709	142008
Nonsyn	TIL12_TEO	Wild	0.19476	0.30493	0.30367	0.19664	137811
Nonsyn	TIL15_TEO	Wild	0.19198	0.30876	0.30817	0.19110	162031
Nonsyn	TIL16_TEO	Wild	0.19242	0.30584	0.30797	0.19377	157286
Nonsyn	TIL17_TEO	Wild	0.19483	0.30513	0.30448	0.19556	158455
Nonsyn	TIL25_TEO	Wild	0.18917	0.30908	0.30954	0.19221	170416
Nonsyn	TIL04-TIP454_TEO	Wild	0.19510	0.30499	0.30498	0.19493	164913
Nonsyn	TIL06-TIP496_TEO	Wild	0.19400	0.30537	0.30598	0.19465	164788
Nonsyn	TIL14_TEO	Wild	0.19437	0.30408	0.30496	0.19659	161141
Nonsyn	TX303_MZ	Improved	0.20335	0.29574	0.29564	0.20526	169609
Nonsyn	TZI8_MZ	Improved	0.20123	0.29797	0.29845	0.20235	152401
Nonsyn	VL0512447_MZ	Improved	0.20445	0.29472	0.29367	0.20716	145173
Nonsyn	VL05128_MZ	Improved	0.20547	0.29308	0.29511	0.20634	160708
Nonsyn	VL054178_MZ	Improved	0.20460	0.29298	0.29418	0.20824	161496
Nonsyn	VL05610_MZ	Improved	0.20752	0.29162	0.29053	0.21033	157288
Nonsyn	VL056883_MZ	Improved	0.20403	0.29452	0.29575	0.20570	161136
Nonsyn	VL062784_MZ	Improved	0.20406	0.29401	0.29498	0.20695	161432
Nonsyn	W22_MZ	Improved	0.20442	0.29441	0.29583	0.20534	172607
Nonsyn	W64A_MZ	Improved	0.20190	0.29577	0.29729	0.20504	175338
UTRs	B73_MZ	Improved	0.22818	0.27080	0.27153	0.22949	381519
UTRs	B97_MZ	Improved	0.23029	0.26970	0.26993	0.23009	391200
UTRs	BKN009_MZ	Landrace	0.22956	0.27011	0.27102	0.22931	395041
UTRs	BKN010_MZ	Landrace	0.23006	0.26940	0.27029	0.23025	395943
UTRs	BKN011_MZ	Landrace	0.22880	0.26998	0.27153	0.22970	385785
UTRs	BKN014_MZ	Landrace	0.22978	0.27033	0.27056	0.22933	393757
UTRs	BKN015_MZ	Landrace	0.22988	0.26970	0.27099	0.22944	389017
UTRs	BKN016_MZ	Landrace	0.23002	0.26936	0.27070	0.22992	395176
UTRs	BKN017_MZ	Landrace	0.22927	0.27004	0.27124	0.22945	385767
UTRs	BKN018_MZ	Landrace	0.23090	0.26911	0.26913	0.23086	397393
UTRs	BKN019_MZ	Landrace	0.23052	0.26913	0.26971	0.23065	393847
UTRs	BKN020_MZ	Landrace	0.23068	0.26898	0.26932	0.23101	391361
UTRs	BKN022_MZ	Landrace	0.22966	0.26966	0.27127	0.22941	393613
UTRs	BKN023_MZ	Landrace	0.23093	0.26922	0.26913	0.23072	389823
UTRs	BKN025_MZ	Landrace	0.23011	0.26949	0.26959	0.23081	393097
UTRs	BKN026_MZ	Landrace	0.22981	0.26991	0.27069	0.22959	388012
UTRs	BKN027_MZ	Landrace	0.23076	0.26931	0.26961	0.23031	392791
UTRs	BKN029_MZ	Landrace	0.23032	0.26961	0.27037	0.22969	386372
UTRs	BKN030_MZ	Landrace	0.23067	0.26969	0.26953	0.23011	390991
UTRs	BKN031_MZ	Landrace	0.23025	0.26890	0.27031	0.23054	393978
UTRs	BKN032_MZ	Landrace	0.23039	0.26948	0.26962	0.23051	392059
UTRs	BKN033_MZ	Landrace	0.22922	0.27083	0.27060	0.22935	387216
UTRs	BKN034_MZ	Landrace	0.23086	0.26885	0.26904	0.23125	391602
UTRs	BKN035_MZ	Landrace	0.22908	0.27065	0.27103	0.22925	388640
UTRs	BKN040_MZ	Landrace	0.23248	0.26849	0.26805	0.23098	383382
UTRs	CAU178_MZ	Improved	0.22966	0.27003	0.27112	0.22920	388639
UTRs	CAU478_MZ	Improved	0.22842	0.27131	0.27235	0.22791	376479
UTRs	CAU5003_MZ	Improved	0.23079	0.26897	0.26955	0.23069	392200
UTRs	CAUCHANG72_MZ	Improved	0.22960	0.27101	0.27029	0.22911	396377
UTRs	CAUMO17_MZ	Improved	0.22990	0.26972	0.27008	0.23030	401075
UTRs	CAUZHENG58_MZ	Improved	0.23117	0.26835	0.26945	0.23103	398594
UTRs	CML103_MZ	Improved	0.22978	0.27073	0.27013	0.22936	371705
UTRs	CML133_MZ	Improved	0.23145	0.26853	0.26868	0.23134	379648
UTRs	CML192_MZ	Improved	0.23273	0.26921	0.26804	0.23001	365298
UTRs	CML202_MZ	Improved	0.22993	0.27006	0.26980	0.23022	360550
UTRs	CML206_MZ	Improved	0.23226	0.26787	0.26841	0.23146	363030
UTRs	CML228_MZ	Improved	0.22928	0.27190	0.27047	0.22835	364842
UTRs	CML247_MZ	Improved	0.22811	0.27246	0.27138	0.22805	338437
UTRs	CML277_MZ	Improved	0.22784	0.27119	0.27178	0.22919	354223
UTRs	CML312SR_MZ	Improved	0.23203	0.26781	0.26797	0.23219	364472
UTRs	CML322_MZ	Improved	0.22917	0.27119	0.27164	0.22800	356645
UTRs	CML330_MZ	Improved	0.23125	0.26815	0.26851	0.23209	361061
UTRs	CML333_MZ	Improved	0.23041	0.26947	0.26929	0.23083	393456
UTRs	CML341_MZ	Improved	0.23187	0.26758	0.26874	0.23181	362450
UTRs	CML411_MZ	Improved	0.23165	0.26832	0.26802	0.23201	364950
UTRs	CML418_MZ	Improved	0.23110	0.26769	0.26934	0.23187	359280
UTRs	CML479_MZ	Improved	0.23011	0.26812	0.27033	0.23145	365177
UTRs	CML504_MZ	Improved	0.23184	0.26798	0.26808	0.23210	365099
UTRs	CML505_MZ	Improved	0.23256	0.26840	0.26837	0.23067	370582
UTRs	CML511_MZ	Improved	0.23165	0.26865	0.26790	0.23180	364282
UTRs	CML52_MZ	Improved	0.22857	0.27051	0.27111	0.22982	369904
UTRs	CML69_MZ	Improved	0.23081	0.26968	0.26956	0.22995	387851
UTRs	CML84_MZ	Improved	0.23138	0.26829	0.26905	0.23128	375401
UTRs	CML85_MZ	Improved	0.23207	0.26826	0.26849	0.23118	381342
UTRs	CML96_MZ	Improved	0.23219	0.26822	0.26789	0.23170	368858
UTRs	CML99_MZ	Improved	0.23138	0.26896	0.26830	0.23135	375912
UTRs	H16_MZ	Improved	0.23183	0.26822	0.26837	0.23158	341894
UTRs	HP301_MZ	Improved	0.22987	0.26929	0.27049	0.23035	392432
UTRs	IL14H_MZ	Improved	0.23179	0.26777	0.26907	0.23137	390592
UTRs	KI11_MZ	Improved	0.23025	0.26975	0.27023	0.22977	367875
UTRs	KI3_MZ	Improved	0.23030	0.26942	0.27006	0.23022	401531
UTRs	KY21_MZ	Improved	0.22724	0.27266	0.27342	0.22667	333372
UTRs	M162W_MZ	Improved	0.22945	0.27069	0.27063	0.22924	376020
UTRs	M37W_MZ	Improved	0.22929	0.27008	0.27104	0.22959	369225
UTRs	MO17_MZ	Improved	0.23011	0.26984	0.26971	0.23034	380620
UTRs	MO18W_MZ	Improved	0.22947	0.27087	0.27040	0.22926	369261
UTRs	MS71_MZ	Improved	0.23042	0.27011	0.27030	0.22917	391951
UTRs	NC350_MZ	Improved	0.22691	0.27319	0.27155	0.22834	341093
UTRs	NC358_MZ	Improved	0.22669	0.27346	0.27302	0.22684	334203
UTRs	OH43_MZ	Improved	0.23081	0.26911	0.26979	0.23030	408593
UTRs	OH7B_MZ	Improved	0.23014	0.26998	0.27029	0.22960	372447
UTRs	P1_MZ	Improved	0.23088	0.26758	0.26880	0.23274	371029
UTRs	P39_MZ	Improved	0.23018	0.26935	0.26985	0.23061	382922
UTRs	TIL01_TEO	Wild	0.22371	0.27789	0.27737	0.22103	329428
UTRs	TIL03_TEO	Wild	0.22496	0.27474	0.27538	0.22492	352958
UTRs	TIL05_TEO	Wild	0.22405	0.27586	0.27562	0.22447	384643
UTRs	TIL06-TIP260_TEO	Wild	0.22307	0.27683	0.27677	0.22333	376690
UTRs	TIL07_TEO	Wild	0.22398	0.27617	0.27654	0.22330	377405
UTRs	TIL08_TEO	Wild	0.22081	0.27982	0.27910	0.22027	388649
UTRs	TIL09_TEO	Wild	0.22418	0.27616	0.27607	0.22359	386599
UTRs	TIL10_TEO	Wild	0.22316	0.27696	0.27660	0.22328	375967
UTRs	TIL11_TEO	Wild	0.22508	0.27484	0.27611	0.22397	320742
UTRs	TIL12_TEO	Wild	0.22198	0.27678	0.27706	0.22418	318301
UTRs	TIL15_TEO	Wild	0.22301	0.27787	0.27761	0.22151	380847
UTRs	TIL16_TEO	Wild	0.22236	0.27817	0.27760	0.22186	350650
UTRs	TIL17_TEO	Wild	0.22428	0.27582	0.27598	0.22392	355367
UTRs	TIL25_TEO	Wild	0.22041	0.27997	0.27972	0.21989	393992
UTRs	TIL04-TIP454_TEO	Wild	0.22348	0.27665	0.27715	0.22272	377965
UTRs	TIL06-TIP496_TEO	Wild	0.22359	0.27659	0.27667	0.22315	376208
UTRs	TIL14_TEO	Wild	0.22330	0.27622	0.27639	0.22409	372282
UTRs	TX303_MZ	Improved	0.23130	0.26873	0.26888	0.23109	383384
UTRs	TZI8_MZ	Improved	0.22906	0.27073	0.27167	0.22855	342450
UTRs	VL0512447_MZ	Improved	0.23123	0.26805	0.26938	0.23134	340872
UTRs	VL05128_MZ	Improved	0.23013	0.26948	0.26964	0.23076	361969
UTRs	VL054178_MZ	Improved	0.23146	0.26810	0.26856	0.23188	371594
UTRs	VL05610_MZ	Improved	0.23289	0.26749	0.26683	0.23280	376275
UTRs	VL056883_MZ	Improved	0.23045	0.26883	0.27087	0.22985	365501
UTRs	VL062784_MZ	Improved	0.23049	0.26975	0.26994	0.22983	365825
UTRs	W22_MZ	Improved	0.23115	0.26886	0.26927	0.23071	398018
UTRs	W64A_MZ	Improved	0.23005	0.27000	0.27025	0.22970	405859
Og	B73_MZ	Improved	0.20857	0.28840	0.28626	0.21677	25229
Og	B97_MZ	Improved	0.21418	0.28295	0.28291	0.21996	25450
Og	BKN009_MZ	Landrace	0.21307	0.28565	0.28347	0.21781	25283
Og	BKN010_MZ	Landrace	0.21100	0.28444	0.28381	0.22075	25517
Og	BKN011_MZ	Landrace	0.21265	0.28466	0.28160	0.22109	24886
Og	BKN014_MZ	Landrace	0.21479	0.28667	0.28144	0.21709	25252
Og	BKN015_MZ	Landrace	0.21451	0.28441	0.28290	0.21818	25062
Og	BKN016_MZ	Landrace	0.21598	0.28814	0.27834	0.21754	25512
Og	BKN017_MZ	Landrace	0.21494	0.28577	0.27861	0.22067	24439
Og	BKN018_MZ	Landrace	0.21857	0.28145	0.27942	0.22056	25667
Og	BKN019_MZ	Landrace	0.21369	0.28181	0.28121	0.22329	25326
Og	BKN020_MZ	Landrace	0.21392	0.28186	0.28167	0.22255	25122
Og	BKN022_MZ	Landrace	0.21781	0.28578	0.27875	0.21765	25187
Og	BKN023_MZ	Landrace	0.21343	0.28343	0.27982	0.22332	24973
Og	BKN025_MZ	Landrace	0.21206	0.28605	0.27975	0.22214	25380
Og	BKN026_MZ	Landrace	0.21391	0.28410	0.28197	0.22002	24875
Og	BKN027_MZ	Landrace	0.21509	0.28575	0.28007	0.21908	25347
Og	BKN029_MZ	Landrace	0.21118	0.29063	0.28018	0.21802	24695
Og	BKN030_MZ	Landrace	0.21342	0.28262	0.28198	0.22199	24956
Og	BKN031_MZ	Landrace	0.21417	0.28583	0.27916	0.22084	25466
Og	BKN032_MZ	Landrace	0.21407	0.28507	0.28194	0.21891	25197
Og	BKN033_MZ	Landrace	0.21484	0.28800	0.27810	0.21906	24646
Og	BKN034_MZ	Landrace	0.21648	0.28350	0.27817	0.22185	24931
Og	BKN035_MZ	Landrace	0.21720	0.28300	0.28211	0.21769	24664
Og	BKN040_MZ	Landrace	0.21444	0.27884	0.28135	0.22537	24329
Og	CAU178_MZ	Improved	0.21430	0.28613	0.28164	0.21792	25408
Og	CAU478_MZ	Improved	0.21203	0.28540	0.28286	0.21971	25133
Og	CAU5003_MZ	Improved	0.21555	0.28353	0.28040	0.22052	25553
Og	CAUCHANG72_MZ	Improved	0.21188	0.28909	0.28355	0.21548	25798
Og	CAUMO17_MZ	Improved	0.21500	0.28524	0.28142	0.21833	26139
Og	CAUZHENG58_MZ	Improved	0.21460	0.28513	0.27882	0.22145	25974
Og	CML103_MZ	Improved	0.21278	0.28584	0.27847	0.22291	24265
Og	CML133_MZ	Improved	0.21228	0.28137	0.28256	0.22379	24487
Og	CML192_MZ	Improved	0.21855	0.28286	0.28089	0.21770	23404
Og	CML202_MZ	Improved	0.21488	0.28136	0.27825	0.22551	23148
Og	CML206_MZ	Improved	0.21766	0.28159	0.27737	0.22338	23431
Og	CML228_MZ	Improved	0.21519	0.28372	0.28137	0.21972	23798
Og	CML247_MZ	Improved	0.20961	0.28671	0.28571	0.21797	22127
Og	CML277_MZ	Improved	0.21298	0.28331	0.28430	0.21941	23148
Og	CML312SR_MZ	Improved	0.21802	0.28015	0.27830	0.22353	23259
Og	CML322_MZ	Improved	0.21423	0.28523	0.28018	0.22036	23353
Og	CML330_MZ	Improved	0.21646	0.28273	0.28029	0.22053	23344
Og	CML333_MZ	Improved	0.21340	0.28250	0.28289	0.22121	25600
Og	CML341_MZ	Improved	0.21680	0.28162	0.28043	0.22115	23432
Og	CML411_MZ	Improved	0.21747	0.28232	0.27785	0.22236	23300
Og	CML418_MZ	Improved	0.21438	0.28451	0.27829	0.22283	22829
Og	CML479_MZ	Improved	0.21422	0.28045	0.28092	0.22441	23462
Og	CML504_MZ	Improved	0.21920	0.28000	0.27820	0.22259	23289
Og	CML505_MZ	Improved	0.21767	0.28214	0.27659	0.22359	23963
Og	CML511_MZ	Improved	0.21904	0.28259	0.27732	0.22104	23525
Og	CML52_MZ	Improved	0.21472	0.28368	0.28348	0.21812	24436
Og	CML69_MZ	Improved	0.21542	0.28218	0.27933	0.22307	25239
Og	CML84_MZ	Improved	0.21494	0.28329	0.27837	0.22341	24184
Og	CML85_MZ	Improved	0.21144	0.28807	0.28080	0.21969	24366
Og	CML96_MZ	Improved	0.21547	0.28553	0.28095	0.21805	23595
Og	CML99_MZ	Improved	0.21886	0.28037	0.27918	0.22159	24257
Og	H16_MZ	Improved	0.21866	0.28073	0.28015	0.22046	22331
Og	HP301_MZ	Improved	0.21777	0.28495	0.27970	0.21758	25531
Og	IL14H_MZ	Improved	0.21535	0.28279	0.28000	0.22185	25386
Og	KI11_MZ	Improved	0.21296	0.28498	0.28204	0.22003	24188
Og	KI3_MZ	Improved	0.21778	0.28172	0.27928	0.22121	26228
Og	KY21_MZ	Improved	0.21332	0.28594	0.28234	0.21839	22487
Og	M162W_MZ	Improved	0.21650	0.28531	0.28081	0.21739	24661
Og	M37W_MZ	Improved	0.21493	0.28501	0.28040	0.21966	24287
Og	MO17_MZ	Improved	0.21491	0.28595	0.27824	0.22089	24917
Og	MO18W_MZ	Improved	0.21532	0.28389	0.27931	0.22149	24471
Og	MS71_MZ	Improved	0.21841	0.28302	0.28150	0.21708	25567
Og	NC350_MZ	Improved	0.21195	0.28756	0.28466	0.21583	22736
Og	NC358_MZ	Improved	0.21025	0.28917	0.28119	0.21939	22440
Og	OH43_MZ	Improved	0.21332	0.28497	0.28023	0.22148	26571
Og	OH7B_MZ	Improved	0.21316	0.28402	0.28373	0.21910	24245
Og	P1_MZ	Improved	0.21850	0.28268	0.27794	0.22089	23840
Og	P39_MZ	Improved	0.21557	0.28636	0.27688	0.22120	24892
Og	TIL01_TEO	Wild	0.20435	0.29083	0.29294	0.21188	20861
Og	TIL03_TEO	Wild	0.20308	0.29449	0.28626	0.21617	22829
Og	TIL05_TEO	Wild	0.20597	0.29395	0.28956	0.21052	24596
Og	TIL06-TIP260_TEO	Wild	0.20232	0.29708	0.29102	0.20958	24115
Og	TIL07_TEO	Wild	0.20479	0.29601	0.29183	0.20736	24151
Og	TIL08_TEO	Wild	0.20053	0.29965	0.29519	0.20463	24625
Og	TIL09_TEO	Wild	0.21135	0.29162	0.28563	0.21139	24679
Og	TIL10_TEO	Wild	0.20277	0.29376	0.29343	0.21004	24200
Og	TIL11_TEO	Wild	0.20480	0.29221	0.29163	0.21137	20684
Og	TIL12_TEO	Wild	0.20486	0.29581	0.28883	0.21050	20209
Og	TIL15_TEO	Wild	0.20545	0.29482	0.29140	0.20833	24293
Og	TIL16_TEO	Wild	0.20469	0.29560	0.28880	0.21091	22341
Og	TIL17_TEO	Wild	0.21061	0.29442	0.28667	0.20831	23100
Og	TIL25_TEO	Wild	0.19722	0.30308	0.29462	0.20507	24947
Og	TIL04-TIP454_TEO	Wild	0.20926	0.29342	0.28638	0.21094	23884
Og	TIL06-TIP496_TEO	Wild	0.20300	0.29689	0.28967	0.21044	23793
Og	TIL14_TEO	Wild	0.20506	0.29378	0.28754	0.21363	23569
Og	TX303_MZ	Improved	0.21574	0.28386	0.28129	0.21911	24914
Og	TZI8_MZ	Improved	0.21523	0.28437	0.28254	0.21786	22464
Og	VL0512447_MZ	Improved	0.21369	0.28428	0.27890	0.22313	21929
Og	VL05128_MZ	Improved	0.21500	0.28209	0.28098	0.22194	23340
Og	VL054178_MZ	Improved	0.21077	0.28253	0.28199	0.22472	23870
Og	VL05610_MZ	Improved	0.21404	0.28125	0.27976	0.22494	24224
Og	VL056883_MZ	Improved	0.21475	0.28275	0.28313	0.21938	23530
Og	VL062784_MZ	Improved	0.21675	0.28346	0.27848	0.22131	23506
Og	W22_MZ	Improved	0.21563	0.28580	0.28040	0.21817	25920
Og	W64A_MZ	Improved	0.21300	0.28460	0.28196	0.22044	26493
Promoter5k	B73_MZ	Improved	0.20793	0.29294	0.29098	0.20816	1225651
Promoter5k	B97_MZ	Improved	0.21069	0.28969	0.28860	0.21103	1236279
Promoter5k	BKN009_MZ	Landrace	0.21035	0.29054	0.28898	0.21013	1251483
Promoter5k	BKN010_MZ	Landrace	0.21082	0.28973	0.28843	0.21101	1261118
Promoter5k	BKN011_MZ	Landrace	0.20876	0.29152	0.29028	0.20944	1224923
Promoter5k	BKN014_MZ	Landrace	0.20940	0.29105	0.28999	0.20956	1245535
Promoter5k	BKN015_MZ	Landrace	0.21006	0.29056	0.28957	0.20981	1238959
Promoter5k	BKN016_MZ	Landrace	0.21048	0.28994	0.28884	0.21073	1248765
Promoter5k	BKN017_MZ	Landrace	0.20860	0.29198	0.29072	0.20869	1199274
Promoter5k	BKN018_MZ	Landrace	0.21154	0.28894	0.28764	0.21188	1257419
Promoter5k	BKN019_MZ	Landrace	0.21021	0.28995	0.28913	0.21071	1247973
Promoter5k	BKN020_MZ	Landrace	0.21052	0.28986	0.28864	0.21098	1245072
Promoter5k	BKN022_MZ	Landrace	0.20923	0.29074	0.28999	0.21003	1240737
Promoter5k	BKN023_MZ	Landrace	0.21093	0.28962	0.28873	0.21072	1233238
Promoter5k	BKN025_MZ	Landrace	0.21102	0.28909	0.28818	0.21172	1251166
Promoter5k	BKN026_MZ	Landrace	0.20930	0.29171	0.29006	0.20893	1225717
Promoter5k	BKN027_MZ	Landrace	0.21086	0.29033	0.28828	0.21054	1247785
Promoter5k	BKN029_MZ	Landrace	0.20886	0.29174	0.29019	0.20921	1218725
Promoter5k	BKN030_MZ	Landrace	0.21051	0.28984	0.28890	0.21075	1231837
Promoter5k	BKN031_MZ	Landrace	0.21102	0.28939	0.28806	0.21154	1252528
Promoter5k	BKN032_MZ	Landrace	0.21069	0.28925	0.28855	0.21151	1248141
Promoter5k	BKN033_MZ	Landrace	0.20923	0.29169	0.29056	0.20852	1221956
Promoter5k	BKN034_MZ	Landrace	0.21095	0.28894	0.28800	0.21212	1238768
Promoter5k	BKN035_MZ	Landrace	0.20889	0.29190	0.29036	0.20885	1225509
Promoter5k	BKN040_MZ	Landrace	0.21214	0.28828	0.28701	0.21256	1198298
Promoter5k	CAU178_MZ	Improved	0.20867	0.29138	0.29033	0.20962	1236348
Promoter5k	CAU478_MZ	Improved	0.20841	0.29205	0.29055	0.20899	1211201
Promoter5k	CAU5003_MZ	Improved	0.21027	0.29025	0.28838	0.21109	1238998
